0,11
-0,16
0,15
-0,09999919
0,2500007
0,2700012
0,1200012
0,2300012
0,1100012
-0,1799988
-0,1699988
0,2600012
-0,2199988
-0,2699988
-0,1099988
-0,1299986
0,1900015
-0,04999841
0,08000155
0,1900015
0,02000163
0,06000168
-0,1699984
-0,05999833
-0,1199984
0,09000163
-0,01999838
0,2600015
0,1800015
-0,1999985
0,07000154
-0,1799985
0,2100015
-0,2799985
0,1400015
0,2500015
1,637174E-06
0,2000014
-0,05999856
-0,2199986
-0,2899987
0,1000015
0,1900015
-0,1499985
0,1500015
0,280001
0,250001
-0,2499989
0,03000115
0,1600011
-0,2299947
-0,02999556
-0,2399956
0,2800044
-0,01999553
-0,2499956
-0,2999956
-0,09999558
-0,2899958
-0,1399958
-0,009995687
0,1600042
-0,2499958
0,01000431
0,05000428
-0,2999958
-0,2499958
-0,2499958
-0,1099958
-0,06999575
0,1600042
0,2800042
-0,2999959
-0,009995854
0,1800041
0,2100041
0,1600041
0,2800041
0,08000412
-0,1099961
0,1400039
-0,07999607
-0,07999607
-0,290005
-0,270005
-0,210005
-0,240005
0,219995
0,03999353
0,07999449
0,2400033
-0,2099967
0,1900033
-0,2199959
0,09000056
-0,1500005
0,04999849
-0,1200015
0,09999849
0,15
0,23
0,1900008
0,1500008
-0,2100082
0,2899916
-0,2200082
-0,03000807
0,05999186
-0,2000082
0,05999186
-0,1100082
-0,2799994
0,1200008
0,1100008
0,0100009
-0,2399992
-0,06999918
-0,2699994
-0,01999909
-0,04999905
0,2300008
-0,1799992
0,01000101
0,1100009
-0,009998608
0,07000133
-0,2099988
0,2100012
0,2000012
0,0200013
-0,1399988
-0,0299987
-0,1199988
0,2300012
-0,03999461
0,2500052
0,06000524
-0,1799948
-0,2799948
0,2500053
0,1200054
5,489048E-06
0,1200054
0,2700053
-0,1099946
0,2200054
-0,02999455
-0,2300036
0,06999643
0,02999647
0,2199964
0,009996478
0,1899964
-0,1600034
0,2199966
0,09999657
-0,1200034
-0,2600035
0,09999657
-0,08000343
0,2799966
0,05999627
0,1499962
0,06999625
-0,1000037
0,2099962
0,129996
0,179996
-0,150004
0,05999611
-0,01000383
-0,200004
-0,2900041
0,02999714
0,119997
-0,08000299
-2,827254E-06
0,02999716
-0,09000297
0,05999707
-0,210003
-0,2800032
-0,1700032
-0,1300032
0,09999536
0,1399953
0,06999537
-0,270006
-0,290006
0,1499942
0,05999421
0,01999425
0,01999426
0,0900032
0,2600028
-0,2399969
0,1500034
-0,2599967
0,06999951
-0,02999875
-0,2199991
0,08999184
0,2199918
-0,2900033
-0,2700033
0,1099969
-2,937995E-06
-0,1400031
0,01999703
-0,01000394
-0,2000041
0,1399959
0,119996
-0,2600042
-0,1800041
0,2499958
-0,08000401
-0,02000385
0,2699959
0,04999608
-0,170004
0,09999607
0,159996
-0,01000386
0,2899959
0,2699959
0,07999598
-0,09000402
0,05999598
0,05999599
0,06999597
-0,05000401
0,2499956
0,2299958
-0,03000409
-4,067315E-06
-0,2000042
-0,1800042
-0,1700042
0,2899958
-0,160004
-0,090004
0,009996096
0,009996096
0,03999603
0,2099959
0,1899959
-0,02000391
-0,04000397
-0,2900042
0,1299959
-0,1400041
-0,2300041
-0,2800042
-0,160004
-0,02000391
0,2199959
-0,08000306
-0,2900033
-0,2400031
-0,2800033
-0,2100031
0,09999694
0,2599967
0,2199969
0,1499969
0,1899967
0,1799967
0,05999681
0,1199968
0,1499967
-0,2100033
-0,1600033
0,2699965
-0,09000322
0,2199967
-0,2100033
-0,1600033
0,2399967
-0,2300033
-0,2300033
-0,2000033
0,2399967
0,04999683
0,2199941
-0,1000058
-0,1200058
0,2299941
0,08999421
0,2899939
0,07999422
0,1799941
-0,2000059
-0,2399969
0,2700028
-0,2599972
0,1000032
0,04000343
0,08999915
0,1900007
-0,2800078
-0,3000084
0,2099918
0,1399969
-0,1400031
0,03999697
-0,2800033
-0,2100031
0,09999693
-0,08000401
-0,110004
0,06999599
-0,03000392
0,2399959
0,2799958
0,2099959
-0,1600041
-0,250004
-0,2700042
0,01999616
-0,04000391
0,2499959
-0,210004
0,05999608
-0,2600041
0,2699959
0,2799958
-0,2300041
-0,3000042
-0,1400041
-0,1900041
0,03999617
0,04999603
-0,2600042
-0,2500041
-0,2300041
-0,120004
-0,2000041
-0,110004
-0,120004
-0,130004
-0,2200041
-0,1800041
-0,1400041
0,099996
-0,3000042
-0,100004
-0,1400041
-0,2300041
-0,2500041
0,1999959
0,04999602
0,009996089
-0,2300041
-0,070004
-0,240004
0,1999959
-0,1500031
0,09999694
-0,1100031
0,04999698
0,2399969
-0,2200031
-0,06000301
-0,1900031
0,1499969
-0,2900033
-0,08000304
0,1799969
0,2099969
0,01999689
-0,2700035
0,1599967
0,1499967
-0,1600033
-0,1300033
0,1299967
0,2199967
0,2599965
-0,2700035
0,05999534
0,1199953
0,289995
0,2399952
-0,0400058
0,0499942
-0,2700062
-0,02000575
0,1099942
0,2799939
-0,1400059
-0,2700062
-5,730448E-06
-0,2999972
0,1200032
-0,0699968
-0,2999972
0,1800033
-0,2500013
0,2500006
0,279991
0,2699967
-0,03000296
-0,1400031
0,02999704
0,1599969
0,1899969
0,1499969
0,2299969
-0,2500031
-0,07000307
0,2799967
-0,1200031
0,05999696
0,1199969
0,2299969
0,2399969
-0,1700031
0,2799968
0,04999706
0,109997
0,02999715
0,09999702
0,1999969
0,03999705
-0,02000285
0,02999705
0,1599969
-0,2800033
0,199997
-0,130003
0,239997
0,1599969
-0,2900033
-0,2600033
0,07999696
-0,1600031
0,1299969
-0,09000304
0,08999696
0,1599969
-0,1300031
0,04999699
0,05999699
0,03999699
-0,120003
0,1499969
0,2299969
-0,1300031
0,1899969
-0,01000292
0,1599969
0,1899969
-2,906844E-06
-0,1700031
-0,05000301
-0,1400031
0,06999696
0,109997
-0,2600033
-0,1800031
-0,2700033
0,119997
-0,2800033
0,1699969
-0,02000293
-0,1900031
-0,1400031
0,01999707
-0,2700033
0,07999696
-0,2000031
0,2199967
-0,1200032
0,1899967
-0,06000319
0,2799965
-0,2600035
-0,1400033
-0,1400033
0,1299952
0,09999526
-0,02000464
-0,1700048
-0,09000579
0,009994257
-0,2600061
-0,1400059
0,1799941
0,08999421
-0,08000578
0,06999422
-0,2900061
-0,1299969
-0,03999669
0,1200033
0,0400033
0,02000356
0,1799991
-0,2499993
-0,2299949
-0,02000386
-0,1000039
-0,1600044
-0,2000044
-0,1200043
0,2399956
0,009995759
0,09999569
0,1799956
-0,0400043
-0,1800044
-0,1000043
-0,05000451
-0,1000046
0,01999543
0,04999539
-0,01000447
0,1099955
-0,1400046
-0,06000452
0,2399954
-0,02000447
0,2299954
0,1099955
-0,2900048
-0,2200046
0,03999538
0,2099953
-0,2400045
0,1899955
-0,04000444
-0,1500046
-0,1900046
-0,2100046
-0,1500046
-0,1100046
-0,1700046
-0,2800048
-0,2700048
0,06999542
0,02999546
0,04999541
0,2899952
-0,1800046
-0,210004
-0,140004
0,05999603
0,2599958
0,229996
-0,230004
-0,2500031
0,2099969
0,01999707
0,1099927
-0,1800074
0,2899925
-0,03000719
0,02999278
-0,2200073
-0,2100073
-0,1100073
0,08999272
0,02999278
0,2899925
-0,3000075
0,2599925
-0,2100073
-0,1400073
-0,2500074
-0,1700073
-0,09000729
-0,04000747
0,07999253
0,08999255
0,1999925
-0,1200088
-0,0200087
0,09999118
0,009991312
0,149991
0,01999012
0,06999009
0,2699899
0,2899899
0,1299942
0,03999421
0,1299941
-0,01000573
0,2599939
-0,1500059
0,2199941
0,1000033
0,2300032
0,2300032
-0,1299952
0,2300016
-0,2899995
-0,2999997
-0,1799997
-0,17
-0,2299949
-0,09999491
0,2100051
0,1000051
0,1600051
0,0900051
-0,1699949
0,2200051
0,1999961
0,2399961
0,009996145
0,1599961
-0,2900041
-0,07000408
0,06999601
0,109996
0,119996
0,03999599
-0,150004
-0,05000401
-0,180004
0,08999602
-0,110004
0,1999955
-0,0900045
0,0999955
0,01999572
0,1399956
-0,08000432
0,2699955
-0,1400044
-0,02000443
-0,02000443
-0,1300045
0,06999552
-0,1900045
0,1599955
-0,1300087
-0,1700085
-0,2600086
-0,09000846
0,2099915
0,08999155
-0,2800086
0,1299915
-0,2500086
0,08999153
-8,409871E-06
-0,1500087
0,05000037
-0,1899999
-0,02999975
0,1500001
0,1700001
-0,29
-0,02999957
-0,2999998
-0,2899999
-0,1199997
-0,2499998
-0,2399998
-0,0199997
6,771089E-07
0,2300007
0,07000069
-0,2699994
-0,1299993
0,1300007
0,1600007
-0,03999933
0,2500007
-0,05999933
-0,08999932
-0,1999995
-0,2599995
-0,09000098
-0,3000019
-0,130003
-0,240003
-0,150003
-0,2900031
-0,2800031
-0,02001125
0,1599888
0,1599939
0,1899942
0,1299943
0,1099943
-0,1400057
-0,1999967
-0,1999967
0,1500033
0,2800031
-0,2300009
0,2799996
0,2199998
-0,1000002
0,15
-0,05999991
0,1
0,1700052
0,2500051
0,1300052
0,1900052
0,1000052
0,1600052
-0,2399948
0,04000523
0,1300052
0,0900052
-0,02999474
0,1300052
0,2400052
-0,2799949
-0,2599948
-0,2599948
-0,2999948
0,1400052
-0,2299948
0,1700052
-0,1099947
0,06000532
-0,02999463
0,05000532
-0,1499949
-0,2099948
-0,03999459
-0,1699947
-0,1799947
-0,1899947
-0,2999947
-0,1599948
0,2300052
-0,04999475
-0,01999472
-0,2499948
-0,1199948
0,08000098
-0,2499989
0,2900011
0,1300011
-0,2199989
0,2800011
0,06000113
0,1300011
-0,02999884
0,2000011
0,2500011
-0,2799991
0,2300009
0,2200009
0,06000096
0,08000095
0,06000096
-0,09999905
-0,1899989
-0,01999884
-0,2199989
0,04000114
0,01000117
-0,1099989
0,2200011
-0,08999886
0,01000117
0,09000114
-0,1799989
0,1900011
-0,009998825
0,04000114
0,2900011
0,1500011
-0,08999886
0,07999966
-0,2300006
-0,2600006
-0,1900006
0,07999855
0,1999975
0,2199975
0,1799974
-0,1200109
-1,095729E-05
-0,200011
-0,1200111
-0,1100061
-0,06000554
0,05999445
-0,1400056
-0,259997
-0,1299967
0,07000342
-0,1999973
-0,2599975
0,03999895
0,09999975
0,1999999
0,1599999
-0,03999995
0,2700001
-3,551004E-09
0,07
-0,09
-0,1
-0,27
-0,22
-6,528354E-09
0,27
-4,910489E-09
0,01000097
-0,2099991
0,02000097
0,07000094
-0,1499991
0,1600009
-0,179999
0,180001
0,120001
-0,269999
-0,179999
-0,149999
0,05000106
0,03000109
-0,04999895
-0,129999
-0,08999886
0,04000115
-0,1299989
-0,2599989
-0,02999883
-0,1599989
-0,05999885
-0,179999
0,220001
-0,08999901
-0,199999
0,2700009
-0,199999
-0,239999
-0,1999989
0,1800011
-0,03999886
-0,2499989
0,1400009
0,2400009
0,1400009
0,2900009
0,2500009
-0,119999
-0,08999904
0,2100009
-0,2199991
0,1300009
-0,1599991
0,120001
0,2500009
-0,2599991
0,2600009
-0,2699991
0,12
0,03000002
-0,17
0,22
-0,27
-0,1299998
0,1500002
-0,0999998
0,1500002
0,2300002
0,04999871
-0,1500013
0,07999869
0,04999871
0,2199987
-0,0700013
0,1799976
-0,01000264
0,1799974
-2,642415E-06
0,01998837
-0,09001155
0,08998906
0,2799889
0,1199939
0,04999444
-0,2400056
0,09999444
0,2699941
-0,2000056
-0,03999663
-0,2399967
-0,2899969
-0,2400015
-0,06000178
0,05999834
0,03999981
0,02999995
-0,2800001
-0,02999996
-0,2099999
-0,06
-0,16
-0,28
0,12
-0,24
-0,18
0,03
0,21
0,2
0,23
-0,05000001
-0,15
-0,05000001
-1,770966E-09
-0,1
0,2400001
-0,1599999
-0,1999999
-0,02999989
-0,1899999
-0,2599999
-0,07999991
0,04000009
-0,03999982
-0,01999982
-0,1699998
0,01000018
-0,1999998
-0,1399998
0,1800002
-0,1599998
-0,02999982
-0,08999997
-0,08999997
-0,22
-0,2400001
0,06999985
-0,1500002
0,05999985
-0,08
0,03
0,19
-0,23
-0,14
-0,3
0,21
0,05
0,06
-0,27
0,12
-0,11
-0,07
0,04
-0,15
-0,26
-0,29
0,1
0,05
-0,16
0,22
0,11
-0,08
0,04
-0,29
0,08
0,2799985
0,2299987
-0,2600013
-0,09000131
-0,1700013
-0,1400013
0,2899987
0,0299976
-0,2600025
0,07999761
-0,1500024
-0,1500026
-0,1200026
-0,04000261
0,06998906
0,07998905
0,2499899
-0,2400106
0,02999352
-0,02000551
0,2099944
0,2199944
-0,2399967
-0,1399968
-0,2399967
-0,03999718
-0,279997
-0,2900012
0,1299992
0,1099985
-0,2
-0,1599999
-0,2499999
0,07000001
-0,28
0,28
9,395096E-14
-0,16
0,19
-0,05
-0,1
0,19
-0,01
0,07
0,19
0,16
-0,08
-0,21
0,06000008
-0,1599999
0,1600001
-0,1499999
-0,2999999
0,02000011
0,1700001
-0,2399999
0,1700001
0,1700001
-0,1499998
0,1700002
-0,1599998
0,2700002
0,2000002
-0,06999983
-0,02999982
-0,3
-0,21
0,1
-0,05999997
0,08000003
-0,2300002
0,09999985
-0,1400001
-0,2300002
-0,22
-0,29
-0,08
-0,02
-0,03
-0,11
-0,26
0,22
-0,06
-0,02
0,25
0,24
-0,17
0,03
0,2
0,25
-0,19
0,13
0,29
-0,28
-0,19
-0,07
0,28
-0,24
-0,2
0,18
0,06999852
0,1199987
0,1499987
0,2699987
-0,2300024
-0,2500025
0,2899975
0,2299976
-0,06000243
0,1499976
0,1299976
-0,1200026
-0,100002
0,249998
0,129989
-0,09001096
0,01999426
-0,08000538
-0,03000551
0,01999449
0,1599944
0,05999446
0,1900032
-0,01999725
-0,02999725
-0,06000144
0,09999813
-0,1600028
0,2599984
0,1499985
-0,28
-0,1499999
-0,1199999
0,09000001
0,12
-0,08
-0,23
-0,03
-0,09
0,2
0,25
-0,1
-0,22
-0,26
-0,18
0,22
-0,08
-0,26
-0,1099999
0,1900001
0,2000001
0,06000008
0,09000009
0,07000009
-0,2899999
-0,2899999
0,2200002
-0,1399998
-0,009999814
0,1300002
-0,05999982
0,1500002
0,2600002
0,09000017
0,1200002
-0,01999997
-0,3
0,11
-0,1800002
-0,1000002
-0,1700002
-0,2500001
-0,2900001
0,06999985
0,07
-0,04
-0,03
0,14
-0,14
0,05
-0,29
0,06
0,24
-0,24
0,24
-0,04
0,05
0,1
0,07
0,1
-0,01
0,2
0,27
0,08
-0,05
-0,21
-0,06
-0,01000146
-0,08000254
0,1299974
0,2099974
0,1099974
0,2099974
0,2799975
0,04999757
0,1499976
0,04999757
-0,2800025
0,2899975
0,04999758
0,03999757
-0,2300024
-0,3000019
0,239989
0,1099891
0,1799885
0,1999935
0,1999944
0,1399944
-0,1400056
0,2199943
-0,1099973
-0,2699976
0,02000275
0,2000026
-0,08000132
-0,2200002
-0,07000104
-0,19
-0,02999987
-0,2799999
0,2700001
-0,07999992
0,02000001
0,13
-0,1
0,15
0,25
1,605266E-10
-0,21
0,21
0,03
0,11
-0,29
-0,24
-0,08
0,2
-0,28
0,2600001
0,06000008
-0,1099999
0,03000011
0,1500002
-0,2399998
0,2100002
0,0100003
0,07000019
-0,1099998
-0,2199998
-0,1699998
0,07000018
-0,1899998
0,2000002
0,01000018
0,03000018
0,07000003
0,1499999
-0,02000015
-0,1900001
-0,09000015
-0,2700002
0,2499999
-0,11
0,05
-0,06
-0,12
0,08
-0,29
-0,05
-0,02
0,02
-0,25
-0,04
0,05
-0,22
-0,02
-0,18
-0,14
0,1
-0,19
0,12
-0,04
0,17
-0,1300015
0,009998542
0,08999852
0,1299985
-0,2000015
-0,02000259
-0,01000258
0,05999738
-0,08000258
0,2099974
0,04999756
0,02999754
-0,06000243
-0,1600024
-0,2100024
0,1099976
0,01999754
0,2299982
0,0499892
0,2299892
0,08998894
0,09998988
0,009990441
0,1499944
-0,1500056
-0,08000556
-0,2499973
-0,05999727
-0,009997256
0,1700026
0,2900025
0,08000236
0,06999818
-0,2300002
-0,2900011
-0,27
0,1500001
0,0500001
-0,0199999
0,0300001
0,26
0,21
-0,2
-0,16
0,21
-0,29
0,14
-0,17
-0,28
0,04
-0,23
-0,12
-0,24
0,0200001
-0,2299999
0,07000007
-0,2999999
0,2400001
-0,02999989
0,1700002
-0,06999973
-0,2599997
-0,2299998
0,04000019
0,2100002
0,2600002
0,2600002
-0,1399998
-0,1799998
-0,2499998
0,2600002
0,2700002
-0,04999997
-0,2800002
0,2599998
0,1799999
-0,01000015
-0,1300001
0,2299999
-0,16
0,07
0,21
-0,08
0,24
0,09
0,11
0,01
-0,26
-0,3
-0,06
-0,27
0,2
-0,23
0,1
-0,21
0,22
0,1299985
0,05999853
-0,08000148
0,2399985
-0,2600015
-0,02000147
-0,2900026
0,2599974
0,06999742
-0,2000026
0,2199974
-0,2600026
0,05999738
-0,1100026
-0,2300024
0,1199976
-0,3000025
-0,1700024
-0,2100024
0,009998196
0,1199982
-0,1800108
0,2399891
-0,2000109
-0,05001111
0,2199894
-0,1400055
0,1699944
-0,2800059
-0,2500062
0,1900027
0,1400026
0,2200027
-0,259997
-0,2599968
0,2299983
0,2499974
0,2899989
-0,2100011
-0,21
0,2000001
-0,0499999
-0,1399999
-0,009999895
0,18
-0,03
-0,03
0,1
-0,13
-0,1
0,2
0,24
0,01
0,07
-0,21
0,01
0,11
-0,1899999
-0,0199999
-0,1799999
-0,1799999
-0,1699998
0,2400002
0,0100003
-0,08999974
-0,2199998
-0,1899998
0,02000019
-0,1499998
-0,1699998
0,1600002
-0,2999998
-0,2599998
0,2900002
0,1100002
-0,13
0,2499999
-0,05000015
-0,09000015
0,2799999
-0,06000015
0,04999985
-1,559965E-07
0,11
-0,15
0,25
-0,18
-0,16
0,24
0,03
-0,18
0,14
0
0,27
0,27
0,07
0,01
0,14
-0,22
0,1
-0,1500026
0,2499975
-0,05000256
-0,2600026
0,03999738
0,1899974
0,1999974
0,009997359
0,2599973
0,2199974
0,04999739
-0,1500026
0,1899974
-2,643113E-06
0,1699974
0,05999739
0,1299976
-0,1800024
-0,1400024
-0,0500018
0,2499981
0,2599891
0,06998912
0,1099896
-0,30001
-0,28001
-0,01000528
-0,2300056
-0,2800059
-0,2599976
0,1500026
-0,1899974
-0,1299968
0,1100023
0,1200015
-0,01000263
-0,2100016
-0,04999999
-0,2299999
-0,03999989
-0,2499999
0,1000001
-0,1199999
-0,2899999
0,28
0,26
0,24
-0,3
-0,21
-0,09
0,23
-0,12
-0,02
0,12
0,15
-0,12
-0,13
0,1300001
-0,2699999
0,01000029
-0,1099997
0,1200003
-0,009999704
0,2100002
-0,2399998
-0,05999972
0,2800003
-0,2199998
0,1800002
-0,1199998
-0,03999982
-0,1299998
-0,2499998
0,19
-0,1
-0,16
0,07999985
0,05999985
0,1299998
-0,2600001
-0,2200001
-0,01000015
0,2699999
0,11
-0,2
-0,03
0,12
0,04
0,26
-0,07
-0,19
-0,04
-0,08
0,05
-0,23
-0,08
-0,1900025
-0,04000256
0,2399974
0,03999744
0,2799973
0,1599974
-0,1800026
0,2099974
0,2399974
0,05999739
-0,1700026
0,07999743
-0,09000257
-2,6417E-06
0,09999743
0,1099974
-0,3000027
0,2899973
-0,07000257
0,1899974
0,1499976
0,1799982
0,1099993
0,0899903
0,1099902
-0,07001025
-0,1800103
-0,06000929
-0,2400055
-0,3000059
0,2399944
-0,009996491
0,1200034
0,2800024
-0,2699976
-0,1899974
0,1200033
-0,210002
-0,2400028
-0,09000257
-0,1300016
-0,24
0,1600001
0,03000011
-0,1599999
-0,2699999
-0,1699999
-0,04999991
0,13
-5,169719E-14
-0,05
-0,07
-0,18
-0,13
0,07
-0,08
0,15
-0,16
0,22
0,03999999
0,03
0,1700001
0,1400001
0,2300002
0,1100003
0,1400002
0,2600003
-0,07999973
-0,03999973
-0,01999981
0,2900002
0,2000002
0,2300002
-0,2899998
0,02000018
0,08000018
-0,2899998
-0,23
-0,05
0,08
-0,2000002
0,1599998
0,1099999
0,05999985
0,03999985
0,00999985
-0,1300001
-0,05
-0,09
0,11
-0,04
-0,03
-0,13
0,01
0,18
-0,01
-0,09
0,2299985
0,2199985
-0,01000146
-0,2300026
0,1999975
0,2899974
-0,1600025
0,009997349
0,04999739
-0,01000264
-0,2000026
0,1499974
0,2799973
-0,1000026
0,06999743
0,1899974
-0,1600026
-0,07000257
0,1699974
-0,2400026
-0,2300026
-0,1200026
-0,2000005
-0,03000036
0,009999653
-0,2899993
0,1499903
-0,2800099
0,009989772
0,02998978
-0,09000933
-0,1700055
-0,2800059
-0,1400056
-0,2199974
-0,1499974
0,2500024
0,01000291
-0,1099972
0,1600032
-0,04000196
-0,2500013
0,2899988
-0,29
-0,2399999
0,1000001
-0,0699999
-0,0999999
0,1800001
0,07000001
-0,27
-0,22
-0,3
-0,08
-0,16
0,04
0,11
-0,28
0,05999999
0,19
-0,16
-0,18
0,29
-0,28
-0,2199999
0,2600001
0,1200003
0,1100003
-0,1899998
-0,07999973
0,2300002
0,1200003
-0,2599998
-0,2999998
0,1000002
-0,2799998
-0,11
-0,22
-0,1
0,21
0,07
-0,06
-0,17
0,2399998
-0,01000015
-0,1700002
-0,1700002
0,08999985
-0,2800002
0,03999984
0,03
0,23
0,25
-0,01
0,02
-0,17
-0,2500015
0,2699974
0,2299975
-0,2100025
0,2699974
0,1099975
-0,2100025
-0,04000256
0,1299974
-0,1000025
-0,2700026
0,2899973
0,1199974
-0,1900026
-0,1600026
0,02999736
0,1099974
0,1499974
-0,1800026
0,1899974
0,2899973
-0,2600026
0,01999882
0,2499989
0,1299989
-0,2800011
0,08000057
0,06000076
0,1900007
-0,2999994
0,1699902
0,03999021
-0,03000919
-0,04000835
0,2599913
-0,08000537
-0,1600062
-0,1900062
0,2300026
0,2500025
-0,1499973
0,1700032
-0,1999978
-0,2099986
-0,2100027
-0,1700011
0,2699988
0,21
-0,0999999
0,2900001
-0,1899999
-0,1999999
-0,1299999
0,13
-0,16
-0,29
-0,05
0,28
-0,05
0,24
-0,27
0,02
0,05999999
0,12
0,02
-0,01
0,0100001
-0,1399999
-0,1599998
0,2200002
-0,1099997
3,1128E-07
0,2100002
-0,1399998
0,04000027
-0,1899998
0,2400002
-0,0799998
0,15
2,791241E-09
-0,25
0,17
-0,14
0,19
0,19
0,07
-0,14
0,1399999
-0,1900001
0,2499999
0,2699999
-0,1500002
0,1499999
0,2899998
0,22
0,12
-0,2
-0,02
0,05999891
0,08999895
0,1099975
0,1099975
0,05999744
-0,03000259
0,09999746
0,09999746
-0,1200025
-0,2900026
-0,2200026
-0,2800027
-0,2400026
-0,2800027
-0,1800026
0,2499974
0,1799974
-0,1500026
-0,1500026
0,1699974
0,2199974
0,2499974
-0,1800026
0,1699974
-0,2600011
-0,11
0,2500005
-0,2699995
0,1500006
0,2200007
-0,06999933
0,2099917
-0,2900104
-0,05001027
0,1599905
-0,2500053
0,1799941
-0,06000597
-0,1999973
0,1900028
-0,2199973
-0,2099968
-0,1199967
-0,1499977
0,05999709
-0,2200029
0,1799973
0,2399989
-0,2800012
0,19
-0,1999999
0,0600001
-0,0399999
-0,0799999
0,0500001
0,11
-0,03
0,24
0,06
-0,13
0,02
0,07
0,25
-0,04
0,08
-0,14
-0,29
0,11
-0,1399999
-0,2299999
-0,2299998
-0,05999973
-0,2599997
-0,03999973
0,08000027
0,1300002
0,06000027
0,2700003
-0,1899998
0,2600002
2,958197E-09
-0,3
-0,3
0,25
0,11
0,16
-0,05999999
0,08
0,2
-0,2600001
0,07999985
0,2299999
0,1699999
0,2299999
-0,1300012
0,009998723
-0,160001
0,219999
0,06999746
-0,1100025
-0,2300026
-0,2300026
0,07999746
0,2499975
0,1199975
0,1499975
0,01999735
-0,3000027
0,1399974
0,2099974
-0,2600026
-0,01000264
0,1299974
0,09999743
0,1599974
0,009997361
0,06999743
0,2899973
0,1399974
0,2099984
0,2199984
-0,08000003
0,2
-0,19
-0,01999999
-0,17
0,06000064
-0,1899994
-0,2099994
-0,2299993
-0,009999331
0,1399913
-0,1000103
0,2099897
0,1799905
-0,08000519
-0,08000599
-0,2600065
-0,1799973
0,2600025
-0,1599973
-0,05999672
0,2400032
0,2800022
0,2899971
-0,2100029
-0,2100016
-0,2300001
-0,24
0,15
0,2400001
-0,1599999
-0,2299999
0,1500001
-0,02999989
0,14
-0,13
-0,03
-0,03
-0,02
-0,21
-0,1
0,2
0,05999999
-0,08
-0,1
-0,22
0,21
0,2100001
-0,06999993
-0,2099998
0,02000028
0,1600002
0,1800002
0,07000027
-0,02999971
-0,02999971
0,2100002
-0,1899998
-0,1199998
-0,26
-0,009999998
-0,26
-0,07
-0,18
-0,15
0,06
0,04
-0,06
-0,2600001
-0,2500001
0,2399973
0,05999729
0,1399973
0,1599973
0,2299973
0,02999741
-0,1300025
0,05999744
0,07999747
-0,3000026
-0,1300025
-0,1500026
0,1299974
0,05999739
-0,09000257
-0,03000264
-0,1100026
-0,2200026
0,2899973
-0,1400026
-0,05000261
-0,1500026
-0,2100026
-0,06000261
0,09999743
-0,1400016
-0,04000004
-0,07000003
-0,23
0,14
0,02999994
-0,03000006
0,17
-0,13
-0,1599994
0,2600006
-0,2799995
-0,2899995
0,1299917
0,2299917
-0,2000087
-0,1500094
0,01999502
-0,1200058
0,1599941
-0,1700061
-0,08999706
0,1600028
0,2100032
0,1700032
-0,1299968
-0,04000193
-0,0500029
0,1699971
0,09999716
0,08999839
-0,03
-0,1099999
-0,2399999
0,0700001
-0,2399999
0,2300001
-0,01999989
0,2400001
-0,04
0,2
-0,02
-0,05
-0,08
-0,05
-0,06
-0,13
-0,05000001
-0,25
-0,24
-0,21
0,12
0,2100001
0,08000008
-0,03999973
0,2500003
0,1000003
0,02000029
-0,1099997
-0,03999972
-0,2299998
-0,2899998
-0,2999998
0,07000019
0,04
-0,02
0,12
0,25
-0,25
0,17
-0,14
0,1699985
0,06999852
0,2099983
0,2499983
0,1499973
0,2599972
-0,0600027
-0,05000271
-0,07000269
-0,3000026
-0,2900026
-0,1100025
0,09999747
0,009997429
0,2599974
0,05999739
0,1099974
0,08999743
0,1199974
-0,04000261
-0,1000026
-0,2200026
-0,03000264
-0,1100026
0,1899974
-0,03000264
0,1799989
0,1699989
0,2699989
0,11
-0,09000003
-0,11
-0,12
0,2
-0,09000005
-0,2500001
0,2900005
0,1300006
0,1100006
0,2900006
-0,1499995
-0,230001
0,2599896
-0,04001021
-0,2400102
0,1199916
-0,1100041
-0,250006
0,08000301
0,2200029
-0,2899975
-0,1399968
-0,06999673
-0,09999673
0,2500022
0,07999714
-0,2100029
0,01999726
-0,2400027
-0,1300015
-0,2299999
0,0600001
-0,01999989
0,1100001
0,0800001
0,1100001
-0,2999999
0,2000001
-0,21
0,21
0,06
0,28
0,27
0,12
-0,19
-0,17
-0,18
-0,29
-0,18
-0,23
-0,22
0,1200001
-0,2099999
-0,2599997
0,1000003
-0,2499998
0,2500003
0,2800003
0,2500003
0,1300002
0,2500002
-0,02999981
0,07000019
-0,07
0,21
0,09
0,09
-0,15
0,18
-0,05999999
0,1099985
-0,01000258
0,2499973
0,1699973
-0,1500027
-0,2700028
-0,1200027
0,1099973
-0,2100027
0,1099975
-0,04000255
-0,2200026
-0,1100026
0,2799973
-0,2100026
-0,05000261
-0,04000261
-0,07000257
-0,3000027
0,01999736
0,1599974
-0,2800027
0,2399984
-0,04000152
0,2599984
-0,2100015
-0,09000003
0,03999995
0,2099999
0,009999941
0,02999994
0,2599999
-0,1800001
0,18
-0,05
0,09
0,1700006
-0,07999939
0,1900006
0,0700006
0,1700005
-0,160001
0,1899897
-0,1700093
-0,1300093
0,1599909
-0,2200048
0,07999401
-0,1599971
-0,04999698
-0,1799973
-0,1399968
-0,1599968
-0,1399978
0,08000141
0,07999715
0,03999709
-0,02000274
0,1999974
-0,2400015
0,1200001
0,1400001
0,1900001
0,0700001
-0,2199999
-0,009999883
0,2600001
0,01000011
0,03
-2,97456E-10
0,08
-0,26
0,04
-0,07
0,14
0,009999999
-0,17
0,11
-0,21
-0,2099999
-0,2899999
0,1200001
-0,1099999
-0,04999974
-0,1099997
-0,1299998
0,1200003
0,2600003
-0,2099998
0,1700002
-0,2599998
-0,1199998
0,01000019
0,12
0,24
-0,27
-0,05999999
-0,1900015
-0,2500026
0,1699975
0,1899974
0,05999744
-0,2500027
0,1399973
0,1699973
-0,2200027
0,1099973
0,1999973
0,009997278
-0,2400025
-0,05000255
0,2299974
-0,1200026
0,1099974
-0,2500027
0,2899973
-0,06000261
-0,06000261
-0,1200026
0,1999985
0,1599984
-0,3000016
-0,09000003
0,15
-0,05000005
-0,11
0,01999994
0,2099999
-0,02000006
0,11
-0,24
-0,29
0,06
-0,09
-0,1099994
-0,05999937
0,0700006
0,04000063
0,07000049
-0,1999995
0,04999108
0,2099896
-0,05001022
-0,2700101
-0,0900067
-0,1900059
0,2899939
0,1999939
0,06000315
0,2500028
0,08000284
-0,299997
0,2200032
-0,160002
-0,2900029
0,1899971
-0,1500014
-0,1100012
-0,1200011
-0,02999996
0,0600001
0,2000001
-0,08999991
0,1900001
0,2900001
-0,0699999
-0,13
0,26
-0,09
0,11
-0,09
0,19
0,16
-0,22
-0,16
0,24
0,04999999
-0,12
-0,07
-0,1599999
-0,09999993
0,1200001
-0,1599999
0,03000029
-0,2799997
-0,2399998
-0,2099998
-0,08999974
-0,09999973
2,007322E-07
-0,2099998
-0,1199998
-0,1499998
-0,2000015
0,03999853
0,1499975
-2,573275E-06
0,04999744
-0,2700026
0,2799974
0,2299975
-0,2800026
-0,01000272
0,2499973
0,02999727
0,1899973
-0,1600027
0,1399973
0,2899972
-0,2400026
-0,1600026
0,2599973
0,2499974
-0,2600016
-0,2300016
0,23
0,04999996
0,18
0,17
0,23
-0,16
0,25
0,05999995
0,2099999
0,01999994
-0,2800001
0,03
0,05
0,03
-0,01
-0,06
0,29
-0,15
-0,05
-0,0999994
-0,1299994
-0,1799995
-0,1099995
0,2900005
-0,1699995
0,2099911
-0,06001039
-0,09001023
-0,160009
-0,1500058
-0,1800059
-0,07000566
-0,189997
-0,2799973
0,1000035
-0,1999968
0,1100033
0,1700023
-0,2100029
0,1399971
0,2799972
-0,04000124
0,07999891
-0,07000101
4,727294E-08
-0,1499999
0,0800001
-0,1899999
1,232719E-07
0,1100001
-0,1599999
0,11
-0,009999995
0,13
0,19
0,1
-0,15
0,18
0,03
-0,28
0,19
0,03
-0,09
0,04999999
-0,1099999
0,09000008
-0,07999992
0,0300001
0,2300001
-0,1099999
0,1299987
-0,1900013
-0,2500013
0,09999871
-0,08000129
0,2099987
0,03999871
0,2499976
-0,02000258
0,2799974
-0,1800026
-0,1700025
0,2099974
0,02999742
-0,3000026
-2,577223E-06
0,2299975
-0,03000273
-0,1700027
0,2899972
0,2399973
0,2199973
-0,1700027
-0,2300027
0,2399974
-0,06000151
-0,2500001
-0,2800001
-0,2700001
0,2099999
0,22
-0,2500001
-0,13
-0,19
0,27
-0,2800001
0,05999994
0,18
-0,09
0,27
-0,24
-0,1
-0,1
0,05
0,19
0,06
0,12
0,17
0,04
0,1900006
0,1600006
0,2400005
-0,1099995
0,2300001
-0,06000892
0,1999911
0,2799903
0,2699948
0,1599952
0,2699939
0,1599939
0,0199942
0,2100035
0,07000345
-0,2499966
-0,2299977
0,2500013
0,09999717
0,04999709
0,2799971
0,2399973
-0,2600002
-0,24
-0,15
0,23
0,0400001
0,02000011
0,0800001
-0,1199999
-0,1299999
0,1200001
-0,13
-0,02999999
-0,16
-0,25
0,28
0,15
-0,06
0,16
-0,23
-0,26
0,08
-0,28
-0,07
-0,1899999
0,0300001
-0,0199999
0,1300001
1,237635E-07
0,1200001
0,1099986
-0,2900014
-0,1900013
0,05999872
0,2399987
0,1099987
0,1699987
-0,2700024
-0,3000026
0,1999975
-0,1300025
-0,1100025
0,08999748
-0,02000257
-0,1500026
-0,02000257
-0,2600026
0,0599973
0,01999728
-0,2400027
-0,09000273
-2,789343E-06
0,2399973
-0,02000279
0,2299974
-0,1500016
-0,2800001
0,12
-0,2600001
-0,11
-0,2500001
0,19
-0,23
0,05999994
0,05999994
0,09999996
-0,2500001
0,21
-0,11
-0,07
-0,19
0,12
-0,06
0,25
0,19
0,14
0,29
0,03000064
-0,2199994
0,1200005
-0,009999517
0,2100005
-0,1899999
-0,05999992
-0,1000089
-0,2000089
-0,2300092
0,1299952
0,1299952
0,08999436
0,09000354
-0,2599967
0,2900033
0,1000035
0,1400034
-0,0199977
-0,1799987
-0,2700029
0,2199971
0,03999707
-0,08000258
-0,1800001
-0,14
-0,22
0,25
0,0900001
-0,2399999
0,2800001
0,0800001
-0,2199999
-0,1399999
-0,01999999
0,04
-0,09
0,2
-0,16
0,08
0,13
-0,15
-0,05000001
0,03
-0,08
-0,2199999
0,09999859
0,1399986
-0,2400014
0,1199986
0,1399986
-0,1900014
-0,1000014
0,01999864
0,2499975
0,1099977
0,0299976
-0,1100023
-0,1400024
0,03999762
-0,2800024
-0,02000258
0,1099975
-0,2600026
-0,2200025
-0,2600026
0,03999745
-0,08000252
-0,2000027
-0,01000279
0,06999728
0,1899973
-2,797748E-06
0,1999973
-0,02000279
0,1799983
-0,04000019
-0,3000001
-0,3000001
-0,2600001
0,05999995
-0,06000004
0,19
0,2599999
-0,08000004
0,17
-0,12
0,04999994
-0,1
0,17
-0,29
-0,29
0,04
0,09
0,05
-0,15
0,03
-0,09
-0,05999937
-0,1199994
0,03000064
-0,1299994
0,03000048
0,06000049
-0,2499995
0,2399911
0,1099911
-0,01000856
-0,2600088
-0,2300092
-0,1600048
0,02999544
-0,1100056
-0,1899965
0,2800033
0,07000355
0,09000251
0,1500025
0,1200023
-0,0899986
0,1499971
0,2799972
-0,2900028
-0,07000258
-0,02000006
0,04999994
-0,15
0,2
-0,1499999
-0,1699999
-0,1599999
-0,2499999
0,0500001
0,1200001
5,517781E-09
-0,12
0,21
-0,18
0,21
-0,03
-0,25
0,18
0,00999854
-0,1700015
0,01999853
-0,02000137
0,1199986
-0,08000141
0,1099986
0,2699986
0,04999861
0,1799975
0,08999756
-0,2700025
0,01999753
0,04999746
-0,1500026
-0,2100025
-0,2300026
-0,01000257
0,07999747
0,1999975
-0,1600025
0,1999975
0,2199975
-0,2100026
0,2699974
0,06999743
0,09999728
0,08999728
0,1599973
-0,04000276
0,2399998
-0,1600002
-0,1500002
0,2699998
-0,03000021
0,18
0,2099999
-0,3000001
0,23
0,23
-0,21
-0,13
0,06999996
-0,04000006
-0,05000006
0,02
-0,21
0,25
-0,28
0,12
-0,25
-0,09
0,18
-0,15
0,03
0,1
-0,0899994
-0,07999939
6,508653E-07
-0,2599994
0,1100005
-0,2900001
-0,1999999
-0,2100089
0,2399911
-0,06000765
0,1699925
0,03999525
-0,2300048
-0,03000485
-0,1299965
-0,2399965
0,06000345
0,1500034
0,1100025
0,2700015
-0,1700029
-0,0500029
0,1299971
-0,06000271
-0,03000276
0,1399974
0,06000003
-0,26
-0,08999995
0,02000005
-0,0499999
-0,2999999
-0,05999989
0,1600001
-0,0399999
-0,009999887
5,430694E-09
0,18
-0,19
-0,23
-0,24
-0,02
0,02
-0,29
0,1499985
0,04999852
0,1699985
0,04999861
-0,06000139
0,2899986
0,1499975
-0,2700025
0,03999754
0,05999754
-0,03000247
0,2599975
0,07999755
-0,2400025
0,06999748
0,2599974
-0,06000254
-0,2400025
0,1799975
-0,09000257
0,2799973
0,1699974
-0,2000026
-0,09000257
-0,2900026
0,1799974
0,05999724
0,1699983
0,03999833
0,02999833
0,1999998
0,1399998
0,2199998
0,12
0,08999997
0,22
0,27
-0,2900001
0,08999996
-0,09000005
0,16
-0,08
-0,05
0,17
-0,11
-2,998399E-10
0,21
-0,06
-0,19
-0,16
0,12
-0,3
0,1
-0,2
-0,28
0,28
-0,05999937
-0,03999937
0,03000048
0,06000049
-0,07999951
0,27
-0,0199999
-0,290009
0,1499911
0,1199924
-0,2700077
0,2599939
-0,04000567
0,139994
0,2900033
-0,06999645
-0,03999654
-0,03999655
0,0500025
0,05000155
-0,09000284
-0,07000283
-0,2800029
0,009997373
0,2699974
-0,1900026
0,06000003
-0,11
0,2
0,2
-0,2599999
0,1100001
0,0900001
0,1100001
-0,01999989
1,206787E-07
-0,02999999
-0,27
0,28
0,18
0,24
-0,06
-0,2900015
0,05999852
-0,04000148
0,2399985
0,2699985
-0,04000138
-0,1500015
-0,1100014
0,02999752
-0,1700025
0,04999754
-0,03000247
0,05999755
-0,2900026
-0,07000251
-0,2800026
0,08999749
-0,1900025
-0,1000025
-0,2100025
-0,2000026
0,2499974
0,06999743
-0,09000257
-0,1400026
0,1499974
-0,1400026
-0,02000265
0,2499988
-0,08000018
-0,03000021
0,1599998
0,1099998
0,2699998
-0,09000019
-0,05000006
-0,2600001
-0,2800001
-0,16
-0,2
-0,2600001
0,009999929
-0,14
0,2
-0,24
-0,18
-0,25
-0,03
-0,24
-0,05
-0,06
0,17
-0,02
0,14
-0,17
-0,24
0,2900006
-0,2599994
0,0800006
-0,1799994
-0,1999995
0,1600001
-0,06999994
-0,1999999
0,1599911
0,1799911
0,1499905
0,08999236
0,09999253
0,2799939
0,269994
0,06999412
0,2600032
-0,1999966
-0,2499966
0,09000158
0,08000157
0,1600015
-0,1500029
-0,2600029
0,09999716
0,1799974
-0,09000257
-2,648581E-06
0,28
0,09000004
-0,1199999
0,26
0,1300001
-0,1499999
-0,03999989
0,2900001
-0,06999991
-0,2899999
0,29
-0,13
-0,23
-0,25
-0,26
-0,13
-0,04000001
-0,05000001
0,1599985
-0,2200014
-0,03000136
0,1699975
0,2099975
-0,1300025
0,08999755
0,03999754
-0,03000247
-0,1800025
0,1899975
0,02999744
0,01999744
-0,09000251
-0,06000254
0,2299974
-0,1800026
-0,2300026
-2,641998E-06
0,1899989
0,2499989
-0,05000114
0,009998812
0,2699989
-0,17
0,2399999
-0,2000002
0,1699998
0,009999786
0,02999979
0,1199998
0,2699998
0,07999981
-0,16
-0,2800001
-0,1800001
-0,2700001
-0,19
0,18
-0,3
-0,14
-0,22
0,17
-0,16
-0,2
0,2
-0,01
0,08
0,22
-0,16
0,23
0,26
0,17
0,06
6,511224E-07
-0,0899994
0,07000049
-0,009999517
0,03000048
0,2599999
-0,2399999
0,2200001
-0,270009
0,239992
-0,01000856
0,2199965
0,2499966
-0,1200057
-0,1100053
-0,1900055
0,2000034
-0,2999968
-0,1099965
-0,009998473
0,01999707
0,1599971
0,06999715
-0,1300027
0,1699973
-0,07000151
-0,05000152
0,01999847
0,2400001
-0,1399999
0,0900001
0,1500001
-0,1999999
-0,2899999
0,1300001
0,1000001
0,05000001
0,03000001
0,07000001
0,21
0,23
-0,06
-0,25
0,23
0,14
-0,13
0,239999
-0,200001
-0,120001
0,109999
-0,06000099
0,229999
0,06999904
-0,130001
-0,260001
0,129999
0,139999
-0,1100011
0,1099989
-0,2000011
-1,175556E-06
0,03999886
0,2699989
0,1599989
-0,16
0,13
0,11
0,23
0,03999995
0,08999997
0,05999995
-0,14
-0,07000019
-0,03000021
0,05999979
-0,2200002
0,1099998
0,1299998
0,01999978
-0,01000007
-0,02
-0,16
-0,16
-0,17
0,22
0,16
-0,22
0,22
0,27
-0,3
0,25
-0,15
0,21
-0,04
-0,09
-0,11
-0,04
-0,12
0,0800006
-0,2899994
0,05000063
-0,2899994
0,06000049
0,08000049
-0,2599995
-0,2299999
-0,0099999
-0,1999999
0,1099905
0,2599921
-0,2900079
-0,3000037
0,1699972
-0,1800055
0,1200035
-0,1499965
-0,1099965
0,1400034
0,2400034
-0,01999849
0,04999709
0,1899971
0,2499971
0,03999729
0,1299973
-0,1000015
-0,05000152
0,2599984
-0,2499999
-0,1399999
0,1100001
-0,0699999
-0,2499999
0,01000012
0,2300001
-0,0399999
0,08000001
0,05000001
-0,22
0,14
-0,14
0,27
-0,19
-0,29
0,2799989
0,239999
-0,02000111
0,08999903
0,139999
-0,250001
0,289999
0,119999
-0,06000098
-0,200001
-0,05000104
0,1599989
-0,2400011
-0,2900011
0,2399989
0,1399989
0,1199989
0,02999994
-0,2500001
-0,06000005
-0,16
0,07999996
0,25
-0,1500001
-0,12
-0,14
0,06999981
0,1399998
0,0499998
-0,2100002
-0,1800002
0,06999981
0,06999985
0,2299999
0,05999985
0,19
0,22
0,16
-0,18
-0,3
-0,13
0,29
0,28
0,24
-0,25
-0,24
-0,1
0,06
0,1
-0,06
-0,28
0,13
0,22
0,16
0,1600006
-0,1099994
0,2900006
-0,1799994
-0,09999951
-0,0299999
-0,0199999
-0,1499999
-0,2400089
-0,1600089
0,2799904
0,1699923
-0,2100075
-0,1800033
-0,05000264
-0,2500055
0,2100034
0,2600032
-0,09999655
-0,2599977
-0,2300018
-0,1500027
0,08999715
-0,3000029
-0,2100029
-0,1900027
0,2499974
-0,3000016
-0,2700016
-0,1900015
-0,2399999
-0,01999989
0,1500001
0,2000001
-0,2399999
-0,1299999
0,2000001
0,0900001
-0,04999999
0,14
0,01
-0,28
0,22
0,13
0,26
-0,12
0,2699989
-0,230001
-0,190001
0,039999
0,01999899
-0,240001
-0,080001
0,169999
0,08999901
0,009998929
0,08999901
0,2799989
-0,2800011
-0,2100011
0,009999952
-0,02000006
-0,19
0,25
-0,22
-0,01000007
-0,2800001
-0,12
-0,2500001
-0,22
-0,1500001
-0,1800001
-2,317775E-07
0,05999979
0,02999985
-0,2500001
-0,07000015
0,2499999
-0,2600001
0,2099998
-0,1700002
0,18
0,18
-0,02
0,08
0,29
-0,24
0,27
-0,19
0,05
0,07
0,21
0,07
-0,15
-0,18
-0,27
0,2
0,26
0,05000063
-0,02999936
-0,1399994
0,0800006
-0,2799994
-0,2699994
-0,1099999
-0,09999994
0,05000008
0,1600001
-0,1600095
0,02999242
-0,2300077
0,1299965
0,2399972
-0,2000028
0,2500061
0,1300035
0,09000345
0,1200034
-0,1299966
-0,2199985
-0,07000266
-0,2600027
-0,2300029
-0,01000297
-2,991735E-06
-0,07000268
0,03999739
-0,1600015
-0,07000144
-0,01000142
-0,1599999
-0,0399999
-0,0999999
0,0600001
0,05000011
0,0400001
0,1500001
0,1400001
-0,21
-0,12
-0,06999999
-0,11
0,13
0,07
-0,02
0,23
0,2699989
-0,04000101
-0,100001
-0,02000102
-0,07000098
-0,220001
0,08999899
-0,04000105
-0,260001
-0,190001
0,009998922
0,01999883
0,02999883
0,2499989
0,15
-0,09000004
-0,08000004
0,14
-0,12
0,09999996
-0,07000004
-0,13
0,04999994
-0,1
0,2799999
0,25
0,01999978
0,2899998
0,1499999
-0,2700002
-0,1000002
-0,01000015
-0,2900001
0,06999984
-0,04
-0,22
0,24
0,25
-0,25
-0,24
0,17
0,24
0,02
-0,07
-0,27
-0,18
-0,19
-0,16
0,02
-0,28
0,27
0,29
-0,1099994
0,1700006
6,511224E-07
0,1000006
0,2000005
0,2900005
1,057155E-07
-0,0199999
0,05000008
0,1000001
0,1099905
-0,2900079
0,2099923
-0,2800052
0,009995918
0,2499956
-0,00999506
0,06000356
-0,03999655
-0,02999752
0,08000251
-0,1799985
0,2299973
-0,01000276
0,1499971
-0,1900027
-0,1300026
0,1499974
0,1299974
-0,1200015
-0,04000143
0,1199986
-0,2499999
-0,08999991
-0,1999999
-0,1599999
-0,2299999
0,1500001
-0,1299999
0,2500001
-0,05999999
0,06
4,962E-09
-0,24
-0,18
0,009999997
0,02
-0,29
0,11
-0,1499999
0,139999
0,249999
0,05999893
-0,01000108
-0,100001
-0,240001
0,229999
-0,3000011
0,239999
0,08999998
0,12
0,15
0,15
-0,13
-0,17
0,2799999
0,25
-7,879234E-08
0,22
-0,14
0,18
0,13
-0,12
0,009999998
-0,2700002
-0,2900001
0,1099999
0,1599998
-0,1400001
-0,1600001
0,08999985
-0,1400001
-0,27
-0,03
0,03
-1,778458E-10
-0,24
0,05
-0,3
-0,27
-0,1
-0,24
0,21
0,08
-0,18
0,08
0,21
-0,18
0,22
-0,16
0,06000063
-0,2799994
-0,2099994
-0,05999937
-0,02999952
-0,2899995
0,06000008
-0,2600001
-0,03999992
-0,1099999
-0,05000954
-0,2400077
0,1399925
0,09999524
0,2899956
-0,05000417
0,1100048
-0,1299965
0,1400034
0,1300025
0,2199983
-0,1100027
-0,01000296
0,1799971
0,2599971
0,1199973
0,2199974
0,09999743
-0,1200025
-0,06000146
-0,2000014
-0,01000135
0,2300001
-0,2799999
0,0700001
0,0600001
-0,2299999
0,08000009
-0,2999999
0,02000011
0,24
-0,29
-0,21
0,11
0,08
-0,17
-0,09
-0,2
0,09000003
0,16
0,26
0,03000003
-0,01999997
-0,21
-0,08999995
-0,14
0,03000004
-0,1
-0,02000005
0,14
-0,21
0,2599999
0,16
-0,2800001
-0,22
0,25
-0,17
0,11
-0,2800001
-0,07
-0,12
-0,27
-0,13
-0,19
0,1899998
0,1999999
-0,2000002
0,1699999
-0,2000002
0,1199998
-0,1000001
0,1099999
-0,29
0,01
-0,03
0,06
-0,3
0,13
0,1
-0,1
-0,27
0,17
-0,2
-0,15
-0,07
0,27
-0,15
-0,24
0,02
0,12
-0,2999994
0,1000006
-0,2299994
-0,1499994
-0,0199999
0,2300001
-0,1399999
-0,1399999
-0,1000005
-8,556456E-06
-0,2400087
0,1499965
-0,2100032
0,1499957
-0,06000526
-0,03000521
0,2500035
-0,1599966
0,05000345
0,02000151
0,2499973
-0,01000277
-0,3000029
0,1099972
-0,1100029
0,009997239
0,2199974
-0,2900026
0,1799975
0,2099985
0,04999863
-0,2700014
-0,1499999
-0,01999989
0,1200001
0,1000001
0,03000011
0,1500001
-0,27
0,03000001
-0,09999999
0,13
-0,06999999
-0,21
-0,16
-0,12
0,08
-0,06
0,2100001
0,2500001
-0,29
-0,3
2,991303E-08
-0,3
0,16
4,220055E-08
0,09000005
-0,04000005
0,2599999
0,2599999
-0,2900001
-0,16
-0,02000007
-0,02000007
0,2399999
-0,27
-0,01
0,1
-0,27
0,13
0,23
-0,2
-0,19
-0,2800002
-0,1800002
-0,1900001
-0,2400001
0,1999999
-0,03000015
-0,3000002
0,2299999
-0,02000015
-0,21
0,22
0,2
0,05
0,02
-0,16
0,11
-0,19
-0,29
-0,23
0,18
-0,24
0,02
-0,25
-0,15
0,24
-0,15
-0,1999994
0,1800006
0,2700006
-0,09999951
-0,2199995
-0,2900001
0,2100001
0,1800001
-0,0199999
0,1799995
0,04999235
-0,06000764
0,1799965
0,2799966
0,2499956
-0,2700055
0,03000357
-0,2499965
0,0500025
0,08000251
-0,1099984
-2,789709E-06
-0,1500027
0,2799971
0,2199971
0,1199972
0,1599974
-0,08000257
-0,2600026
-1,113534E-06
-0,24
0,2600001
-0,1799999
0,0500001
-0,1299999
-0,1799999
0,2500001
-0,2299999
-0,2899999
0,2
0,28
0,16
-0,26
-0,04
-0,24
0,16
-0,18
-0,21
0,22
-0,2699999
0,2800001
-0,3
0,09000003
-0,15
0,25
0,1
0,02999994
0,2899999
-0,02000006
-0,05000005
-0,1500001
-0,01000006
0,13
0,2799999
0,11
0,07999995
-0,18
-0,18
0,11
0,13
-0,23
-0,05
-0,27
0,14
0,09999985
0,01999985
-0,04000015
0,1799999
0,2099998
-0,2400001
-0,01000015
0,05999986
-0,01000015
-0,29
0,01
-0,24
-0,13
0,26
0,1
0,06
0,08
0,26
0,09
0,05
0,04
-0,01
-0,27
-0,25
0,14
-0,02
0,04000063
-0,2999994
-0,01999936
-0,2199999
0,2599999
0,0300001
0,2599999
0,2400001
0,05000104
-0,06999961
-0,1700077
0,1499925
-0,2200028
-0,09000268
0,2499956
0,08999477
0,2900032
0,1200034
-0,02999752
0,05000249
-0,08999842
-0,1500029
0,01999704
-0,2600029
-0,2500028
-0,1900026
0,1599974
-0,02000264
-0,2000026
-0,200001
-0,00999999
-0,0999999
-0,2699999
-0,0799999
0,02000011
-0,009999881
-0,2199999
-0,0999999
-0,2499999
0,28
-0,21
-0,07999999
-0,09
-0,14
-0,08
0,23
0,18
-0,13
0,1
0,2500001
-0,0099999
-0,09999993
0,08000007
-0,2099999
-0,2299999
-0,1199999
-0,02999999
-0,06999999
-0,27
0,14
0,16
-0,01999999
0,14
-0,06
0,24
0,23
0,11
0,15
0,19
-0,04
0,01
0,08
0,07
-0,01
-0,05000015
0,2799999
0,2299999
-0,1500002
0,1099999
-0,1800002
-0,08000015
-0,009999996
0,18
-0,16
0,1
-0,22
0,12
0,24
-0,15
-0,17
-0,29
0,14
-0,13
-0,1
-0,19
0,11
0,08
0,27
-0,08
-0,01
-0,1899994
-0,2699994
-0,02999936
-0,1699999
-0,05999992
0,2000001
0,1300001
-0,2199999
0,139992
-0,2200087
-0,06000764
-0,1800075
0,1199973
0,2099973
-0,08000437
-0,1400055
0,1000034
-0,009996518
0,1300015
0,1499973
-0,2000027
0,1699971
-0,01000297
0,04999707
-0,06000272
0,1599974
-0,09000257
-0,1400016
-0,1300015
0,13
-0,09999999
0,2600001
0,2300001
-0,1799999
-0,2999999
-0,1099999
-0,2899999
0,0400001
0,2000001
0,19
-0,04999999
0,04000001
-0,2
-0,24
0,18
0,19
-0,28
-0,04
0,28
0,2400001
-0,2899999
-0,2199999
-0,1699999
0,07000009
-0,1099999
-0,05999991
0,03000001
0,21
0,19
0,07000002
-0,00999999
-0,04
0,2
-0,3
0,18
-0,02
-0,12
-6,785044E-10
0,2
-0,28
-0,15
-0,25
0,09
0,23
-0,1100001
0,05999985
0,06999985
-0,08000015
0,1699999
0,03999985
0,1399999
0,24
-0,12
-0,08
0,12
-0,19
0,12
-0,14
0,22
0,06
0,16
-0,21
0,14
-0,18
-0,1
0,29
0,13
-0,21
-0,1199994
-0,0999994
6,603406E-07
0,02000064
0,05000063
0,2599999
0,09000006
0,25
-0,0199999
-0,1100006
-0,1300077
0,1299923
0,1599923
-0,2000075
-0,2600029
-0,1600028
0,2299955
0,03999455
-0,2199966
-0,01999656
-0,1199984
0,05999728
0,1499973
-0,2800029
0,06999715
-0,1600029
-0,1400027
-0,2500027
-0,09000257
-0,03000152
0,02999848
-0,09999992
0,2200001
-0,02999989
-0,2599999
-0,02999989
-0,2599999
-0,1799999
-0,1099999
-0,0799999
0,1300001
0,16
0,12
-0,06999999
0,28
-0,21
0,19
0,05
-0,25
-3,798678E-09
-0,12
0,1500001
0,2100001
-0,1499999
0,2100001
0,1100001
0,04000009
-0,01999989
0,24
-0,08999999
0,09000002
0,03000001
0,04
-0,29
0,15
0,27
0,2
-0,11
-0,25
0,07
-0,2
0,11
-0,15
0,15
0,14
0,009999998
0,2399998
-0,08000015
-0,2700002
-0,02000015
-0,05000015
0,09999985
-0,3000002
0,2
-0,22
0,18
-0,02
0,07
0,06
-0,07
0,22
0,05
-0,13
0,27
0,12
-0,21
-0,19
0,11
0,07
-0,29
-0,1199994
-0,009999348
6,603323E-07
-0,0299999
-0,09999994
0,07000006
-0,009999904
-0,2500001
1,105691E-06
-0,1099996
0,1599923
-0,1900075
-0,0500028
-0,04000271
0,2599971
0,2899971
0,03000457
0,1400034
0,2200025
0,2700024
-0,0199985
-0,1700029
0,1199971
0,1099971
0,1399971
0,03999718
-0,07000257
-0,1300026
-0,2700027
0,03999848
-0,1100015
-0,1799999
0,1500001
-0,2799999
-0,2099999
0,2500001
-0,1999999
0,03000011
1,255245E-07
1,25509E-07
-0,1199999
-0,06999999
-0,24
-0,14
0,07
0,11
-0,2
0,21
-0,29
0,13
0,05999999
-0,0299999
0,1800001
0,09000009
0,02000011
-0,2499999
0,1700001
0,1800001
0,1300001
0,1500001
-0,1599999
-0,1899999
-0,28
0,25
0,29
0,03
-0,04
-0,07
-0,13
-0,3
0,18
-0,3
-0,17
-0,09
0,08999985
-0,2500001
-0,2400001
-0,04000015
-0,2600001
-0,2700002
-0,06000015
0,01999985
-0,1400001
-0,1
0,28
0,22
-0,06
-0,25
-0,01
-0,27
-0,22
-0,08
0,19
0,15
-0,14
-0,24
-0,1
-0,2
-0,13
-0,27
-0,1499994
0,1700006
0,03000064
-0,3000001
0,2400001
0,06000008
-0,1599999
-0,04000054
-0,2999998
-0,02999937
0,2899923
-0,1000075
0,1299972
0,08999728
-0,1000027
0,1099973
0,2500044
0,1200035
0,2700025
-0,2299976
-0,2099986
-0,1000028
0,2299972
-0,1700028
0,2199974
-0,04000253
-0,2000025
-0,02000257
-0,2500026
0,01999855
0,1399985
0,2500001
-0,2199999
-0,2899999
0,1800001
0,0700001
0,2800001
-0,1499999
-0,0499999
-0,08999998
0,07000002
0,28
-0,25
-0,29
-0,26
0,17
0,08
-0,2
-0,06
0,04
-0,19
0,08000007
-0,1799999
-0,2099999
0,2300001
0,2400001
0,2300001
-0,09999991
-0,2199999
-0,01999989
-0,0399999
0,1500001
-0,08999993
-0,0299999
0,1200001
-0,2699999
-0,1899999
0,1200001
0,2100001
0,1300001
0,1300001
0,09000008
-0,14
0,06000001
-0,01000015
-0,1900001
-0,1500002
0,2199998
-0,2100001
-0,2600001
0,1699999
0,2899998
-0,2700002
-1,07424E-08
-0,09000001
-0,24
0,12
0,29
-0,23
0,23
0,14
0,07
-0,23
0,27
0,24
0,21
0,06
0,07
-0,1099994
-0,2999994
0,05000063
0,2600001
-0,1199998
0,1100001
0,2100001
0,0100002
-0,08999987
0,05999955
0,0900014
0,1200016
0,07999303
-0,290007
-0,2000027
-0,2700028
0,09999719
-0,04000279
0,1200046
0,2100034
-0,2399984
0,06000144
-0,08999852
-0,1800028
0,03999717
0,2699973
0,2799974
-0,2500026
0,01999746
-0,1100024
0,1099976
0,06999861
0,03999862
0,08000008
0,0200001
-0,2099999
-0,009999888
0,2100001
0,1000001
-0,08999991
0,0900001
0,2
0,14
-0,24
-0,11
-0,05999999
-0,16
0,12
-0,03
-0,27
-0,14
-0,02
-0,21
0,1500001
1,138766E-07
0,1300001
0,09000009
-0,07999991
-0,08999991
-0,08999991
0,1200001
0,1500001
0,2800001
-0,2799999
0,2500001
-0,2899999
-0,2199999
-0,2999999
-0,0199999
-0,2899999
0,0300001
0,1800001
0,1600001
-0,09999993
-0,18
-0,15
0,2099998
-0,1500002
0,2199998
-0,2000002
0,1199998
-0,1500002
0,07999985
-0,01
-0,28
-0,17
-0,02000001
0,18
-0,23
0,19
-0,01
-0,24
-4,489251E-11
-0,11
0,09
0,23
0,22
0,12
-0,2
-0,13
-0,1499994
-0,1599994
-0,1599994
-0,04999969
-0,009999634
-0,0299998
0,1100001
0,1900001
0,03000119
-0,1499996
0,2100013
-0,06000696
-0,01000689
-0,1900069
0,07999741
-0,0400026
-0,240003
-0,02000286
0,2900035
0,1100026
0,03000159
-0,09999852
0,2299972
0,08999723
0,009997133
-0,03000277
-0,1200025
-0,04000252
0,1099975
-0,1200024
-0,07000244
-0,2100014
-0,2600014
0,05000009
0,2400001
-0,01999989
-0,2899999
-0,1799999
0,2900001
0,0400001
0,01000012
0,09000003
-0,16
0,22
0,28
-0,25
0,06
-0,11
0,1
-0,18
0,16
-0,07
0,13
-0,009999997
0,1400001
0,2500001
-0,08999991
0,05000009
0,2400001
-0,2799999
-0,2099999
-0,1499999
-0,2299999
-0,1499999
0,2200001
0,1200001
-0,09999992
0,2400001
-0,1399999
-0,1999999
-0,04999991
0,2400001
-0,009999895
-0,05999991
-0,1999999
0,2400001
-0,2500001
-0,3000001
0,09999993
-0,05000006
0,1999999
0,2899999
0,1599999
-0,0199999
0,0100001
0,2900001
-0,03999992
0,04000008
0,2100001
0,2800001
-0,2399999
-0,03999992
-0,1299999
0,2600001
-0,04999992
-0,1399999
0,0100001
0,2900001
-0,2999999
-0,1499999
0,1500007
0,1200007
-0,2799999
-0,00999964
0,1700002
0,2200001
0,2400001
-0,1199999
-0,1099989
0,1900004
0,2000013
-0,100007
0,239993
-0,02000672
-0,1800027
-0,2100027
-0,01000283
0,08000607
0,1300026
0,2200016
-0,1399984
0,1500014
-0,2700028
-0,1200028
-0,2600028
0,2799973
0,05999747
0,01999745
0,2799974
0,2299975
-0,08000244
-0,2400014
-0,3000014
-0,0499999
0,1000001
-0,2199999
0,2700001
-0,1399999
0,1100001
0,0900001
-0,2499999
-0,23
-0,15
-0,29
-0,22
0,15
0,02
0,19
0,14
-0,15
0,16
0,22
-0,15
-0,23
0,29
0,29
0,08000009
0,1300001
-0,04999991
0,1800001
-0,1499999
-0,08999991
-0,09999992
-0,04999991
-0,0299999
0,1400001
-0,1099999
-0,009999895
0,1700001
-0,2599999
-0,1799999
-0,1799999
0,2700001
-0,2599999
0,1599999
-0,2200001
-3,468385E-08
-0,2800001
-0,2000001
-0,1200001
-0,04000006
0,1699999
0,1699999
0,1200001
-0,2399999
1,017487E-07
0,2000001
0,2200001
-0,04999992
0,1000001
-0,009999903
-0,1699999
0,2100001
0,2300001
-0,06999993
0,1400001
0,1700001
0,1900001
0,04000008
-0,05999991
-0,03999928
-0,2799993
-0,2899999
0,1000002
-0,27
0,04000017
0,2500009
-0,1999996
-0,08999954
0,2100006
-0,0099983
0,05999303
0,0299931
-0,2300027
-0,09000258
-0,02000252
0,02999618
0,07000513
-0,1199973
0,2600014
0,2300014
-0,02999859
-0,2700028
-0,2300028
0,03999738
0,2799974
-0,09000249
-0,2700026
0,09999752
-0,2800025
-0,09000244
0,09999862
-0,02000135
0,1600001
0,2200001
-0,0599999
0,1500001
-0,2299999
0,0900001
0,02000012
0,05000011
0,09000002
0,01000001
0,04000001
-0,19
0,23
0,09999981
0,1399998
0,02
0,25
-0,2
-0,21
0,009999997
0,07000001
1,190122E-08
0,28
0,28
0,24
-0,25
-0,26
-0,18
0,21
1,140688E-07
-0,1199999
-0,009999895
0,1900001
-0,2299999
0,1600001
-0,1599999
0,2700001
0,1200001
-0,04999991
0,2800001
0,1600001
-0,09000006
-0,1700001
0,2499999
-0,01000004
0,2499999
0,1099999
-0,1200001
0,06999993
0,009999949
0,1400001
0,2200001
-0,1899999
-0,2099999
0,2000001
-0,1499999
0,2300001
-0,04999992
0,2000001
-0,2799999
0,04000008
-0,1099999
0,1300001
-0,2099999
-0,1799999
-0,2599993
-0,07999932
0,1500007
0,2300007
-0,009999639
0,0400003
-0,1799999
0,1400001
-0,189999
0,1500006
-0,1499985
-0,1299985
-0,2699987
-0,01000673
0,279993
-0,0700026
0,159997
0,04999707
-0,1000039
0,1500051
-0,03999729
-0,1199985
0,1000014
-0,1399986
0,009997034
-0,09000275
0,01999737
0,2099974
-0,07000257
-0,07000256
-0,0400026
0,07999749
-0,2700026
0,1199986
-0,05000138
0,03000011
0,2500001
-0,0499999
-0,2300091
0,259991
0,009990904
-0,2300091
0,289991
-0,07000916
0,0499908
0,2799909
0,1899908
0,2599909
0,2199908
0,07999083
0,1799908
0,1299908
-0,07000019
-0,07000019
0,15
0,16
0,11
-0,01999999
-0,07999998
-0,23
-0,28
-0,08999999
-0,08999999
0,17
-0,12
0,07000001
-0,17
-0,09999999
-0,27
-0,05999999
-0,02999999
-0,08999999
-0,02999999
-0,06999999
-0,1699999
-0,1099999
-0,12
-0,1400001
0,1099999
0,02999997
0,009999969
0,05999995
0,2899999
0,1399999
0,04999995
0,1200001
-0,1600089
0,08999112
0,2700001
0,09000009
0,2100001
-0,0399999
-0,2799999
0,2900001
0,2400001
-0,1999999
0,1600001
-0,1799999
-0,2499999
0,2700001
0,1400007
-0,009999251
0,2200002
-0,02999965
-0,1899998
-0,02999965
-0,1499999
-0,3
-0,1999991
-0,03999941
-0,0199984
-0,05000706
0,1699929
0,179993
0,05999311
-0,04000265
-0,09000295
0,05999698
-0,1800049
0,06000409
-0,07999736
0,04000135
-0,07000759
-0,06000767
0,01998806
-0,3000118
-0,1200116
-0,02001163
-0,02001163
-0,2800116
0,01998838
-0,2400115
-0,1900115
0,1399896
0,1899896
-0,2900089
0,1299911
0,01999113
0,02999091
-0,2200091
-0,0400091
-0,1600092
-0,01000919
-9,203352E-06
-0,2000092
-0,0400092
0,08999084
-0,1600092
-0,07000917
-0,02000919
0,1899908
-0,2100092
0,2899909
-0,0200092
0,049991
-0,21
-0,24
-0,02999999
0,24
-0,2
-0,22
0,17
0,01000001
-0,23
0,23
-0,07999998
-0,16
-0,27
0,29
0,04000001
0,1199999
0,1899999
-0,27
-0,26
-0,21
-0,23
-0,2600001
0,2199998
-0,1700002
-0,2400001
-0,09000013
-0,2700002
-0,2600001
0,29
-0,170009
-0,07000896
-0,240009
0,119991
-0,210009
0,08999104
0,249991
-0,140009
0,06999104
-0,07000896
0,289991
0,07999104
0,119991
-0,08000896
0,06999104
0,179991
-0,1900088
0,05999123
-0,1600088
0,179991
0,1599909
0,2899908
-0,2400082
0,2499912
-0,1100075
-0,03000698
-0,250007
-0,1600071
-0,1700071
0,169993
0,179993
-0,2600029
0,1199961
0,01999607
0,2299951
-5,078887E-06
-0,1500066
0,01999235
0,2399881
-0,1000118
0,08998922
-0,05001085
-0,1900109
0,0899892
-0,2600109
-1,08352E-05
-0,05001084
0,1199893
-0,1600108
-0,05000962
0,2399903
0,1499918
0,1899918
-0,1400082
-0,1700082
-0,1700082
-0,1400082
-0,2000092
-0,08000913
0,1099907
0,03999067
0,1099909
-0,2800091
0,1999909
0,03999081
0,2399908
0,2499909
-0,2000092
-0,02000919
-0,2300092
0,01999103
0,09000001
0,11
0,24
-0,21
-0,09999999
0,18
-0,03999999
0,2
0,19
-0,28
-0,07999999
0,29
0,18
0,23
-0,27
-0,1500001
-0,04000013
-0,12
0,09000001
-0,1700002
-0,2600001
-0,2100001
-0,1800002
0,1499999
0,2699999
-0,07000013
-0,09000014
-0,2500001
-0,200009
0,03999101
-0,160009
-0,160009
-0,230009
0,219991
-0,1600091
-0,2700093
0,2399907
-0,2400093
0,2199907
-0,05000934
0,1899907
-0,1000093
0,02999067
0,0899907
-0,1900093
0,1099909
-0,1700092
0,2699908
0,009990911
0,07999092
-0,02000905
0,2099918
0,1899912
0,2299921
-0,02000734
-7,325322E-06
-0,01000734
-0,2200074
-0,1900073
0,2699927
-0,03000304
-0,0900031
0,09999683
-0,1600042
0,1699958
-0,2200057
0,2099933
0,2599889
0,07998911
-0,3000109
-0,09001081
-0,1000108
-0,04001084
-0,1600109
-0,06001084
0,1399891
0,04998921
0,01998921
0,02999042
-0,1400097
-0,2100082
-0,07000813
0,03999186
0,009991897
-0,2500082
-0,08000812
-0,05000918
-0,1600091
-0,06000932
0,1399908
0,02999082
0,1599908
0,2399908
0,2499909
0,2699909
-0,02000919
0,08999085
-0,1200092
0,2199908
-0,270009
0,19
-0,13
-0,11
5,411159E-09
-0,13
-0,22
-0,04999999
0,05000001
-0,009999992
0,13
0,24
0,27
0,04000001
0,2499999
0,1699999
-0,2699998
0,1700003
-0,2199997
-0,2099997
-0,05999973
0,1300002
0,07000026
0,0200003
0,2300002
-0,03999972
0,05000042
-0,04999958
4,744753E-07
-0,1399993
0,2499917
-0,2600083
-0,1300083
0,09999182
-8,12308E-06
-0,04000817
0,2199916
-0,2600084
-0,2700084
-0,1700084
0,2699916
0,2699916
0,1899916
0,1399916
0,09999181
0,1899917
0,05999186
-0,1900083
0,2899916
-0,2300083
0,2399918
0,1099919
-8,050719E-06
-0,2100083
-0,03000734
-0,1000074
-0,1900074
0,1499927
-0,05000725
-0,2700037
0,1199966
0,1199965
0,2399964
-0,1200037
0,02999425
0,07999425
0,06999277
-0,1300073
-0,2600116
-0,02001134
0,2499884
0,2899884
0,1299886
0,2399886
-0,1800114
-0,0300115
0,2299885
0,2199885
0,2099885
-0,2600105
0,1999896
-0,07000876
-0,04000879
-0,07000875
-0,09000876
-0,1599999
0,04000022
-0,2300008
-0,1800004
-0,2100004
-0,1600002
-0,2400002
0,08999972
0,2899998
0,009999628
-0,1600002
-0,2800002
0,009999791
-0,1900002
-0,2800002
-0,18
-0,12
-0,24
5,397063E-09
-0,18
0,24
0,27
0,05000001
0,27
0,29
-0,02999999
-0,12
0,2399999
-0,1000001
-0,1700001
-0,1200005
-0,1499997
0,01000043
0,2600002
-0,1199996
-0,2599999
-0,009999697
-0,26
0,2500001
-0,1699998
0,1800002
-0,1099997
0,1400002
-0,06999973
0,27
-0,04999971
-0,07999973
0,1100003
0,1800002
0,219991
0,009991112
-0,130009
0,2499909
-0,200009
-0,03000887
-0,130009
0,2799909
-0,200009
-0,180009
0,1199917
0,2499915
-0,1800085
-0,1200084
0,1599917
-0,1800083
0,2799916
0,009991827
0,03999273
0,219992
0,2799919
0,1199921
-0,160008
-0,190008
-0,130008
-0,06000365
0,04999637
-0,1800039
-0,1800049
0,289995
0,03999409
-0,2500059
0,06999267
-0,2500075
-0,02001148
0,1099885
-0,2900117
-0,1000025
-0,1000025
-0,01000253
-0,2900027
-0,2400025
-0,1100025
0,2099975
-0,1800025
-0,1300014
0,04999873
-0,3
0,28
-0,1999999
0,28
0,2300001
0,1700001
0,1799992
0,1999992
-0,2100008
-0,1300008
-0,2400008
0,07999961
0,1599997
0,2099997
-0,2600001
0,1499998
-0,1900002
0,08000001
0,06000001
-0,12
-0,23
0,2
-0,26
-0,19
0,08000001
-0,2
-0,26
0,21
0,22
-0,06999999
-0,07999999
0,28
0,29
0,1800008
0,04000041
-0,1599997
-0,2899998
-0,2999998
0,1000004
-0,1299998
0,1800002
-0,1599998
-0,1199997
-0,05999971
0,2500001
0,1200003
0,04000029
0,08000026
0,26
-0,09999975
-0,2199998
-0,17
0,06000007
0,2899909
-0,02000889
-0,200009
0,2299909
0,2899908
-0,100009
0,1299909
0,1299909
0,2699908
0,2799908
0,1599915
0,2399915
-0,2300083
0,07999177
0,2699916
-0,1300083
0,1899917
0,1399917
-0,200008
0,2699919
-0,1100079
-0,01000784
0,229992
0,009992154
0,09999213
-0,1500039
0,2499959
0,04999619
-0,04000476
0,2399951
0,009994091
-0,1500059
-0,2200074
-0,08000733
-0,3000119
-0,1000116
-0,06001164
-0,1000026
-0,2900027
0,08999754
0,2599972
0,02999748
0,2099975
-0,1499983
0,01000183
-0,009996943
0,1700028
-0,2699957
0,06000446
-0,09999555
-0,2399956
0,05000447
0,2700043
-0,1499966
-0,1400006
-0,01000063
0,03999937
0,07999939
-0,1700002
0,1399999
-0,06000012
-0,22
-0,13
-0,28
-0,04
0,01
0,15
0,15
0,08
0,07
0,23
-0,01
0,12
2,389209E-11
-0,3
0,16
0,08
0,07
-0,2999991
-0,1999996
-0,02999941
0,2200004
0,2900002
-0,2499997
0,1800002
0,2600001
-0,1299998
0,2300002
-0,2499998
3,201564E-07
0,1500002
0,1500002
-0,2299998
-0,1299998
-0,1499998
0,1800002
-0,1399998
0,1800002
0,18
-0,3000001
0,13
-0,2800001
-0,04999993
0,2899998
-0,03000002
0,06999996
0,2199999
-0,03
-0,1499995
6,393994E-07
0,2000005
0,2600003
0,08000077
-0,2799995
-0,1399993
0,02000082
-0,2199993
-0,1899993
-0,159999
1,163728E-06
-0,159999
0,2199927
0,08999273
-0,2300074
0,2099926
-0,2300033
-0,09000321
-0,05000319
-0,1499953
-0,1899953
-0,009996288
0,1900036
0,1900021
0,2900019
-0,02999776
-0,04999777
-0,0399984
0,2900013
0,08000088
-0,1999992
-0,2699994
0,2000008
0,08000208
0,05000223
0,1000022
0,1800021
-0,2299979
-0,2599964
-0,2899964
0,1200037
0,0900037
-0,2599964
0,04000371
-0,1299964
0,1600036
0,2000036
-0,07999638
-0,1199964
-0,229996
-0,1099957
-0,1499958
-0,02999573
-0,1799958
-0,27
-0,3
-0,3
-0,23
0,08
0,05
0,2
-0,24
-0,21
0,03
-0,27
-0,03
-0,06
-0,16
-0,26
-0,03
-0,27
-0,2999991
-0,1299996
-0,0599996
0,02000046
0,0100003
-0,04999972
-0,1499998
0,01000031
-0,1699998
0,07000028
-0,28
-0,2299998
0,2200002
-0,1199997
0,2500001
0,06000029
0,08000027
0,04000029
0,05000009
0,09000009
0,1000001
-0,02
-0,01000001
-0,2000001
0,06000013
1,359629E-07
0,01000013
0,01000441
0,2000049
-0,07999503
0,05000519
-0,1199948
0,2100051
-0,2599951
-0,1099949
0,2800049
-0,2799942
0,09000609
0,01000558
0,04000552
0,1500054
0,05999715
-0,06000285
0,2799967
0,1699969
0,2799967
-0,140005
-0,1600051
-0,2199952
0,2000048
0,1500037
0,1000037
-0,01999873
0,1700013
-0,07999871
0,01000125
0,1800007
-0,1599993
0,2600006
-0,2999994
0,2400008
0,1400008
0,1000019
0,2100021
-0,289998
0,1300021
-0,1399979
0,1800036
0,2900035
0,2600035
0,03000373
0,2800035
-0,2699965
-0,2999966
0,2300036
-0,2599965
-0,2599965
3,603758E-06
-0,07999595
0,07000427
-0,1599958
-0,1399958
-0,07999576
0,2900042
0,06000426
0,2500042
0,1900042
-0,27
0,11
0,17
-0,2
0,18
0,12
1,469322E-11
0,1
-0,29
0,26
0,02
0,2600006
-0,2599994
0,1100015
-0,02999838
-0,1599985
-0,1899985
-0,1299986
0,1700014
0,06000146
-0,01999914
0,2400008
-0,1199992
-0,02999928
-0,1299993
0,2100006
-0,1199997
0,1600011
0,07000136
-0,08999864
0,1000014
-0,1499987
-0,2499989
0,230001
-0,169999
-0,239999
-0,179999
0,1600016
0,1400016
-0,1499982
0,02000624
-0,1099939
0,220006
-0,2199938
0,01000644
0,04000635
-0,1199937
0,260006
0,1600062
-0,279994
-0,1899938
0,1200063
0,1800062
-0,1200027
-0,0900027
-0,2100028
-0,07000287
-0,1100031
0,2299969
0,2699958
-0,06000398
0,1400054
-0,2799947
0,0900043
-0,1499957
-0,1299971
0,2100028
-0,1999971
-0,01999705
-0,08999798
-0,2899981
-0,049998
0,02000197
0,01000134
-0,2599986
-0,2099975
-0,2899973
-0,1999974
0,2600028
0,1300028
0,03000439
-0,07999565
0,2900043
0,05000437
-0,1999957
0,2800043
-0,03999572
0,1700042
0,02000429
-0,2599958
0,1200043
0,2300042
0,2300042
0,1700042
0,2100042
0,1800042
-0,1399958
-0,1799958
0,2200042
-0,1699958
0,12
-0,22
-0,03
-0,05
-0,3
0,16
-0,21
-0,13
-0,16
-0,1899994
-0,2299994
-0,1699994
-0,07999939
-0,1999994
-0,05999936
-0,2899994
0,1400006
-0,02999934
-0,009999336
-0,1399995
0,2000005
-0,2599995
0,07000048
-0,05999525
0,08000471
-0,2199942
0,02000589
0,1500058
0,1000058
-0,1499942
0,2200058
0,1800058
-0,1299942
0,1300058
-0,2999944
-0,05999425
0,2400057
0,04000574
0,05000575
-0,05999425
0,1900052
-0,2099946
0,02000557
-0,09999456
0,2600052
-0,009994552
5,460216E-06
0,1200054
-0,06999363
0,1900067
-0,2699934
0,1900067
0,1300066
0,04999768
-0,07000222
0,07999685
-3,161971E-06
-0,2700035
0,1699965
0,2100055
-0,1699945
-0,05999444
0,07000548
0,2800043
-0,1099956
-0,119997
0,2600029
0,09000324
-0,2099968
0,290002
-0,2299979
-0,1999979
0,2200021
-0,2499979
-0,02999788
0,1000032
0,01000345
-0,1399974
-0,02999722
-0,2199974
0,08000435
0,1900043
-0,08999566
0,2000043
-0,1799958
-0,2699958
-0,2499958
0,1100042
-0,1099958
-0,08999576
0,2400042
0,2000042
0,1600042
0,1300042
-0,1999958
-0,05999574
0,02000426
0,04000425
-0,2899958
0,08000424
0,03
0,2
0,02
-0,06
0,12
0,23
0,27
0,0700006
-0,2299994
0,1200006
-0,2299994
-0,1599994
0,06000064
0,08000062
-0,1799994
-0,05999936
-0,2799994
0,1600006
0,1600006
-0,1399995
-0,1799995
-0,1599953
-0,09999529
0,1800047
-0,2599953
-0,1399942
-0,0699942
-0,2199942
0,2500057
-0,2699943
-0,2199942
0,2700057
-0,1599942
0,1800058
0,05000586
0,1800058
-0,1399942
0,2700057
-0,2299942
-0,109994
-0,2499945
-0,0199943
0,0300057
0,07000543
-0,1599946
0,09000544
-0,1599937
-0,2299933
0,01000694
0,1500068
-0,0899932
0,1499976
0,1799977
0,1499977
-0,05000229
-0,1200035
-3,387875E-06
0,1399965
-0,1100034
-0,03999443
-0,009994395
0,1900055
0,1100055
-0,2599955
0,04000451
-0,2099968
0,2900031
0,1700032
-0,2699969
-0,06999788
-0,2199979
-0,2499979
0,09000212
-0,02999789
-0,1999979
0,1300031
0,1000033
0,1200027
0,03000276
-0,04999727
-0,2899999
-0,1399999
0,06000009
-0,2099999
0,11
-0,07999998
-0,21
-0,009995726
-0,07999575
-0,1399958
-0,1199958
0,01000427
0,07000424
0,1100042
0,1900042
-0,1399958
0,1600042
-0,01999574
-0,2699958
-0,2599958
0,1
-0,04
-0,26
-0,23
0,07
-0,15
-0,24
-0,1
0,04
0,1100006
0,0800006
0,1700006
-0,1999994
0,2400006
-0,05999936
-0,1699994
-0,1799994
0,02000066
-0,06999937
-0,1899994
-0,2999952
-0,009995061
-0,0499951
0,1600058
-0,2499942
0,06000585
-0,01999411
0,2700057
0,0700058
0,2400058
0,2700057
-0,1899942
0,09000581
-0,009994078
0,1500058
0,05000586
-0,1899942
-0,009994077
0,01000592
-0,04999395
-0,1399945
0,1800055
0,2500053
0,1000054
0,08000635
6,555927E-06
-0,08999366
0,1300067
-0,1399933
0,06000685
-0,2699934
-0,1600024
-0,2500023
0,2099968
-0,2600034
-0,2000035
-0,2900035
-0,1300035
-0,2900041
-0,2899951
0,1700049
-0,2199951
0,1300048
0,09999966
0,1399997
-0,04000165
-0,2300017
0,109999
-0,210001
0,189998
-0,290002
0,1299979
-0,3000022
0,2699978
0,2499979
-0,1800011
0,02999914
0,1399984
-0,2200016
0,03999848
-0,1600001
0,1399999
0,1100001
-0,2999999
0,2
0,12
-0,25
0,18
-0,05
0,04
0,03
0,23
-0,03
-8,651006E-09
0,06999999
-0,23
-0,26
-0,15
0,26
-0,19
-0,07
0,09
0,04
-0,03
0,05
-0,1
-0,16
-0,22
0,25
0,2100006
0,06000062
-0,1399994
-0,2099994
-0,03999937
0,1600006
-0,2799994
-0,02999936
0,1300006
0,1900006
-0,2899994
-0,0999994
-0,1099952
-0,1399952
0,04000488
-0,1499952
-0,2199942
-0,1399942
-0,009994102
-0,1099942
0,1800058
-0,2299942
-0,1199942
0,1800058
0,2700057
-0,1899942
0,04000584
-0,1999942
-0,169994
-0,04999439
5,740098E-06
-0,01999432
0,2700052
0,2200054
0,03000126
0,2700019
-0,1299979
0,1400021
-0,2999976
0,1300025
0,04000241
0,09000238
-0,09000649
-0,05000645
0,2399926
0,1999967
-0,2700035
-0,07000346
0,2899965
-0,1900041
-0,02999512
-0,2599952
0,1400048
0,1800049
-0,2300003
0,1399997
-0,1200026
-0,02000264
-0,180002
-0,150002
-0,190002
0,219998
-0,160002
-0,130002
-0,1100021
0,01999784
-0,08000106
-0,04000089
0,1199985
0,06999846
0,2799984
-0,07000006
-0,1500001
0,1500001
0,1500001
-0,21
0,15
0,22
0,24
-0,24
-0,23
-0,19
-0,19
-0,28
0,28
-0,05000001
0,14
-0,21
0,14
0,19
0,08
0,18
0,02
0,15
0,009999997
0,12
-0,06
-0,27
-0,24
-0,09
-0,02
0,06
0,11
-0,09
-0,17
-0,27
0,18
0,28
-0,27
0,2800006
0,2800006
-0,03999937
0,04000488
-0,2499952
-0,2299952
-0,2999952
0,1000048
-0,1799952
-0,1099952
0,2300048
0,1800049
-0,1699952
0,1200048
0,2300048
0,280005
-0,209995
0,200005
5,128604E-06
-0,169995
-0,2799956
0,1400045
0,1200046
0,1500045
0,02000455
0,07000023
1,29323E-06
-0,009997358
0,1900025
0,1800017
0,2400017
0,07000177
0,1500018
-0,2400071
0,1599929
0,2099918
-0,1900041
-0,160005
-0,04000504
0,069995
0,0100039
-0,2899961
-0,1799961
0,130004
-0,179996
0,01999882
-0,1500011
0,2399974
0,1799974
-0,07000257
-0,2600026
-0,1800026
-0,1300026
0,1399974
-0,3000027
-0,1700026
-0,1500026
0,09999833
-0,2900016
-0,0200015
0,05999848
-1,480953E-06
0,2099999
-0,07000006
-0,05000005
-0,1400001
-0,28
-0,24
0,25
-0,28
0,16
0,24
-0,06
0,22
0,12
-0,3
0,009999993
0,28
0,02999999
0,29
-0,08000001
0,06
0,11
-0,04
0,14
0,11
-0,11
-0,29
-0,25
0,03
0,05
0,01
-0,17
0,28
-0,3
-0,3
-0,2
0,19
-0,12
0,26
2,451439E-10
-0,22
0,29
0,15
0,06
-0,21
0,18
-0,06
-0,29
-0,3
0,11
-0,13
-0,23
-0,29
-0,25
-0,2999998
0,1900002
-0,04999982
0,08999975
0,1300003
0,2600002
-0,2899998
-0,2899998
-0,07999977
-0,03999878
-0,1499989
0,1100012
-0,03999742
0,2100025
0,1200018
0,2000017
0,1200018
0,08999281
0,06999198
-0,01000384
-0,1600041
0,05999592
0,249995
0,189995
0,04999497
0,2300039
0,2500039
0,2900039
-0,2500002
0,2099998
-0,1300011
-0,0700011
-0,1900026
0,2299974
-0,3000027
-0,1900026
0,1399974
-0,2000026
0,04999739
0,2899973
-0,01000265
-0,2300026
0,06999833
-0,1100015
-0,1000015
-0,0300015
-0,08000154
0,01999996
-0,1100001
-0,2100001
0,2899999
0,07000002
3,614189E-09
0,01000001
0,2
-0,06999999
0,23
0,05
-0,27
0,19
-0,29
-0,29
0,25
-9,96522E-09
-0,21
0,21
-0,01
0,02
0,21
0,009999997
-0,25
0,02
-0,26
0,07
-0,3
-0,23
0,29
0,06
-0,02
-0,23
0,01
-0,08
0,1
0,25
0,21
0,09
0,23
0,09
-0,28
0,06
-0,13
-0,21
-0,24
0,15
0,28
-0,02
-0,19
-0,24
-0,1999998
-0,009999813
0,2800002
0,1900002
0,1100008
0,1700003
-0,2699998
-0,02999955
0,03000029
0,2200002
0,0100003
0,1300011
-0,05999837
-0,1399984
-0,2399983
0,2600016
-0,1199982
0,08000178
-0,09999811
0,2899928
0,07999197
-0,01000384
0,2699959
0,1899959
-5,026939E-06
-0,150005
-0,170005
0,2600039
-0,0499961
-0,1099961
0,07999979
0,01999974
0,2499989
0,2199989
-0,04000261
0,2899973
-0,2200026
0,1199974
0,1099974
0,2199974
0,2099974
-0,06000261
-0,2400025
-0,2900026
-0,2200016
-0,1200015
-0,1900016
-0,3000016
-0,2800016
-0,2100001
-0,04000005
-0,1100001
-0,2300001
-0,19
-0,01999999
0,1
0,01000001
-0,22
-0,12
-0,05
0,03
-0,23
-0,29
-0,16
-0,17
0,28
0,17
0,01999999
0,2
-0,23
0,17
0,05999999
0,27
-0,03
-0,22
-0,16
-0,08
0,26
0,1
-0,18
-0,27
-0,17
0,24
-0,14
0,22
-0,11
-0,05
0,14
-0,07
0,15
-0,03
-0,3
-0,07
-0,15
-0,11
0,14
-0,08
0,22
0,1700002
-0,1999998
1,981522E-07
0,09000018
-0,1999998
0,2400002
-0,08999965
0,2000003
-0,07999966
0,09000035
-0,2699999
-0,1599998
-0,1199998
0,05000122
-0,02999755
-0,2399977
-0,07999824
-0,09999824
-0,1799982
0,1500018
-0,08999811
0,2399929
0,02999179
-0,2700041
-0,220005
-0,260005
0,089995
0,170004
-0,1699961
0,1200039
-0,2199961
-0,07000031
0,2099999
-7,058762E-08
-0,2200011
-1,192473E-06
0,1099974
-0,06000261
-0,2700027
0,2899973
0,2399974
-0,2800027
0,2599973
0,1499974
0,09999747
-0,2100025
-0,03000135
0,2099984
0,0299985
-0,1300016
0,2199984
0,2799999
0,009999963
0,06999993
-3,983205E-08
0,23
0,07000002
-0,03999999
3,750181E-09
-0,25
-0,15
0,04
0,06
0,1
0,009999996
0,09
-0,08000001
0,18
-0,03
0,27
-0,06
0,28
-0,13
-0,17
0,21
-0,11
0,27
0,18
-0,07
0,28
0,07
0,17
-0,16
0,25
0,19
-0,21
0,21
-0,16
0,29
-0,15
0,23
-0,15
0,23
0,27
0,14
-0,1
-0,05
-0,14
-0,17
-0,3
0,1600002
0,09000018
-0,05999982
0,05000018
0,2200002
0,2400002
0,1100003
-0,1199997
0,1500002
-0,1999998
0,2500001
0,1800011
-0,2699991
0,01000127
-0,01999755
-0,02999755
-0,09999824
0,1100018
0,2100018
-0,08999811
0,1700018
-0,2200081
0,1799917
-0,1800041
-0,270005
-0,210005
-0,260005
-0,109996
-0,01999605
0,01000388
0,2400039
0,1099998
0,03999995
-0,08000004
-0,1900011
0,2799989
-0,07000258
0,07999742
-0,2700027
0,2399974
-0,02000264
0,02999736
-0,02000265
0,1799974
-0,1100025
-0,2600026
-0,1900014
-0,08000153
-0,01000149
-0,1300016
0,2899984
0,1399999
-0,05000005
0,2199999
-0,1700001
0,08000001
0,2
-0,18
0,02000001
0,13
0,2
-0,09
0,19
-0,16
-0,14
-0,17
-0,17
0,11
-0,11
-9,690324E-09
-0,27
0,11
0,08
0,27
0,22
-0,16
0,1
0,29
0,22
0,29
0,27
0,12
0,2
-0,19
0,01
-0,2
-0,14
0,12
-0,21
0,03
-0,23
-0,19
-0,24
-0,11
-0,27
-0,23
0,1300002
-0,1699998
0,02000018
-0,2499998
0,2000002
1,978176E-07
-0,2799998
0,2900002
-0,1699998
-0,1299992
-0,2399997
-0,02999955
0,2900001
0,2800001
0,2800001
0,2000011
-0,109999
0,03000148
0,1500017
-0,2199983
1,825466E-06
0,08000178
0,1300018
-0,2400071
0,2699926
0,009995952
0,009995952
0,1599959
-0,080005
0,219995
0,04999495
-0,119996
0,230004
0,1500039
4,091701E-06
-0,04000004
-0,03000006
0,16
-0,2200011
-0,04000114
0,09999742
0,2099974
0,2699974
-0,1700026
-0,2600026
0,1799974
0,1299974
-0,2000026
0,04999745
-0,1400025
0,2099985
0,0299985
0,0299985
0,2399984
0,05999848
-0,2500001
-3,090705E-08
-0,05000015
-0,2200001
-0,11
0,28
-0,15
0,06000001
-0,08999999
0,12
0,17
0,04
-0,17
-0,03
0,009999993
-0,07000001
0,01999999
-0,06000001
-0,12
-0,02
0,08
0,1
-0,01
-0,28
-0,22
0,17
-0,09
-0,19
-0,25
-0,3
-0,28
0,14
0,28
-0,22
-0,05
0,25
-0,29
0,08
0,19
-0,02
-0,06
-0,15
0,06
0,01000018
-0,1399998
-0,1599998
-0,009999815
0,1200002
-0,2699998
0,2300002
-0,1199998
-0,2199998
-0,1599998
-0,04000023
0,2700002
-0,05999959
-0,2999998
-0,06999995
0,2900008
0,01000109
0,07000099
-0,2599983
2,478042E-06
-0,09999824
0,09000176
-0,2699983
0,05000178
-0,2499982
-0,2800081
0,05999165
-0,08000406
0,239995
0,04999496
0,199995
-0,259996
-0,06999604
-0,269996
0,280004
0,150004
0,2400042
-0,1200011
0,0799989
-0,2300011
-0,1800011
0,1099989
0,2399974
-0,01000264
0,01999735
-0,2000026
-0,3000027
0,2499974
0,06999742
0,07999743
-0,1300025
0,2099974
-0,1100014
0,1399984
-0,1400016
0,2199984
-0,1700016
0,07999994
-0,06000005
0,09999987
-0,03000014
3,125231E-09
-0,05999999
0,03000001
-0,05999999
-0,08999999
0,04000001
-0,1
-0,28
0,08
-0,26
-0,18
0,28
0,26
-0,13
0,07999999
0,14
0,03
-0,28
0,24
-0,29
0,1
0,14
-0,15
-0,13
0,29
0,14
0,09
0,17
-0,24
0,02
-0,14
0,24
0,28
0,1
0,12
-0,13
-0,09
-0,25
-0,2
0,06000018
0,1000002
0,2300002
0,2900002
0,04000018
-0,2499998
0,2200002
-0,07999982
-0,04000023
0,07000035
-0,2299997
0,09000035
0,05000041
-0,009999537
0,08000005
0,1600009
0,1600009
-0,2199986
-0,1499983
-0,05999822
0,07000178
0,2500017
0,02000196
0,2500018
-0,2499982
0,179992
-0,1200041
-0,3000041
-0,140005
0,04999495
-0,09000502
-0,06999604
-0,01999605
0,2100039
-0,129996
-0,09000021
0,17
0,1499989
0,1099989
-0,1800011
-0,2300011
-0,0900011
-0,1800026
-0,2000026
0,2899973
0,2199974
0,09999743
-0,05000261
-0,1100026
0,2299974
0,2499975
-0,2200025
-0,2500014
0,09999847
0,0299985
0,1099985
-0,2300016
0,27
0,2299999
0,1499999
0,1599998
0,22
-0,25
0,21
-0,15
0,13
-0,19
0,13
-0,19
-0,13
0,28
-0,3
-0,03
-0,28
-0,13
-0,15
0,12
-0,08
0,26
-0,17
-0,23
0,22
0,1
-0,07
0,09
-0,18
-0,12
0,17
-0,12
0,05
-0,16
0,2
0,21
0,25
-0,05
-0,16
-0,15
-0,09
0,2400002
-0,1499998
0,1000002
0,2600002
-0,1699998
-0,2799998
0,2400002
0,2500002
0,1000002
-0,2799998
-0,08000025
-0,1199996
0,2800002
0,1400003
-0,3000001
0,1000001
0,08000005
0,2300009
-0,1799981
0,1200024
-0,1899983
-0,2699984
-0,04999822
-0,05999822
-0,04999808
0,06000192
-0,2800074
-0,2200082
-0,210005
0,01999498
0,069995
-0,270005
0,289995
-0,08999604
-0,01999605
0,100004
0,02000417
-0,19
0,08999997
0,0799989
-0,02000118
0,1399989
0,009998813
-0,1500011
-0,06000261
-0,3000027
0,05999738
-0,01000264
0,1899974
-0,2000026
-0,1300026
0,009998481
-0,2800015
0,02999855
-0,2100014
0,2099984
0,1999984
-0,1400016
0,009998505
0,05999994
0,2899999
0,1599998
0,1499999
-0,22
-0,05
-0,11
-0,12
0,07000001
-0,14
-0,11
-0,23
-0,03
-0,16
0,02999999
-0,16
-0,04000001
0,009999993
-0,21
0,29
-0,05
0,29
0,03
-0,12
0,28
-0,16
-0,25
-0,3
-0,04
-0,18
0,06
0,2
-0,14
0,09
-0,27
0,08
0,12
0,29
-0,07
0,19
-0,25
0,1100002
0,2900002
-0,1699998
1,892044E-07
-0,2699998
0,2000002
-0,1299998
-0,01999982
-0,1100003
0,1299997
-0,1000003
0,1000004
-0,1299997
-0,2499998
0,07000005
-0,03999896
-0,02999891
0,1600014
0,2400017
-0,09999824
-0,1199982
0,2200017
-0,04999808
0,1000019
-0,009998026
0,2100009
0,1699918
-0,1900082
0,249995
0,00999496
-0,03000503
-0,230005
-0,09999604
0,230004
0,1400039
0,2900041
-0,09999574
0,18
0,25
-0,06000114
0,1699989
0,01999882
-0,2300011
-0,02000118
-0,1400026
-0,2100026
0,2899973
0,02999735
-0,05000261
-0,1800026
-0,1600026
-0,1800016
-0,01000144
-0,02000144
0,1699986
0,1899984
0,03999848
0,0299985
-0,2900016
-0,1900001
-0,2800001
-0,2400001
0,02999986
0,17
-0,15
-0,18
-0,09999999
-0,07
-0,09
0,08
-0,25
0,09
0,21
-0,01000001
0,01999999
0,15
0,15
0,26
-0,07
-0,1
0,22
-0,17
0,15
0,12
-0,14
-0,16
0,08
0,21
-0,24
0,25
-0,06
0,16
0,17
0,14
-0,09
0,1
0,29
-0,11
-0,1799998
-0,2599998
0,1800002
0,05000018
-0,1799998
0,1700002
-0,2399998
0,05000018
-0,08999982
0,2900002
0,2499997
-0,2900004
-0,2600004
0,08000034
-0,2099999
0,1100001
-0,1099999
0,1900009
-0,08999901
0,2000014
0,01000181
-0,2899984
0,0300018
-0,009998194
-0,1399982
-0,03999808
-0,1699982
-0,119999
0,2199959
-0,2300041
-0,230005
0,219995
0,159995
-0,05000505
0,1300039
-0,109996
0,01000395
-0,1400002
-0,29
0,2799999
0,04999995
0,09999891
0,2299989
0,08999891
0,2499989
-0,2500011
0,1999974
0,1599974
0,06999742
-0,2400026
-0,06000261
0,01999736
-0,1100026
-0,2200015
0,1799985
-0,1900015
-1,330768E-06
-0,1100015
-0,1100015
0,1499984
0,03999847
0,1699999
0,1299999
-0,1700002
0,2099998
-0,27
-0,15
0,08000001
0,24
0,19
-0,21
-0,27
0,18
-0,08000001
-0,15
0,2
-0,23
0,24
0,02999999
-0,19
0,05
-0,04
0,11
0,16
0,12
0,05
0,02
0,07
0,07
0,009999998
0,18
-0,19
0,27
-0,14
-0,06
0,17
0,27
0,1
0,1700002
0,2100002
0,1900002
-0,1799998
0,2100002
0,1700002
0,2600002
-0,08999982
0,1300002
0,2600002
0,2300002
0,2700002
-0,2600006
0,06000023
0,1500001
-0,2299999
-0,2099999
-0,23
-0,2399999
0,2600008
0,01000207
-0,1499977
0,01000181
0,07000176
-0,2899983
-0,06999822
-0,2999983
0,2700018
-0,2400072
0,01999191
0,279995
-0,03000502
0,219995
-0,03000503
-0,240005
0,119995
-0,08999604
-0,06999598
0,05000421
0,23
0,19
-0,09000004
0,2099999
0,04999886
0,1399989
0,08999891
-0,04000114
-0,1800011
-0,04000261
0,1999974
-0,2400026
-0,1400026
0,1099974
-0,3000027
-0,2200026
0,01999848
-0,1000015
-0,1800015
-0,2000014
-0,0200015
0,1599984
0,2799984
-0,1500016
-0,1900001
0,2799999
-0,05000015
-0,2500001
0,07000002
-1,186773E-08
-0,27
0,15
0,16
0,02
-0,18
-0,24
-0,21
-0,07000001
0,25
0,22
-0,08000001
0,26
0,18
0,01
-0,15
-0,05
0,12
0,16
0,22
-0,12
0,03
-0,09
-0,21
-0,18
-0,24
-0,24
0,21
-0,24
0,1
0,07
-0,12
0,03000018
0,1900002
0,1100002
-0,07999982
-0,2599998
-0,09999982
0,1400002
-0,01999982
0,2300002
0,2900002
-0,2199998
-0,06000023
-0,1100004
0,1800001
0,01000028
0,28
-0,03999991
0,2900008
0,1600009
-0,1499986
0,09000237
-0,1699977
-0,1099982
0,2600017
0,1100018
0,05000178
0,03000196
-0,04999903
-0,2500083
-0,1500083
-0,270005
0,129995
-0,120005
0,02999497
0,179995
-0,230005
-0,239996
-0,2100002
-0,19
-0,2500001
0,27
-0,13
0,2799999
-0,1100011
-0,05000114
0,2699989
0,1899989
-0,0700011
0,04999739
-0,2200026
-0,06000261
-0,2400026
0,2299974
-0,09000257
0,08999743
-0,1000015
-0,01000134
0,1499986
0,09999862
-0,0200015
0,1599984
-0,1200015
-0,07000154
0,07999993
0,2499999
-0,06000014
-0,2400001
0,15
-0,3
-0,06
0,21
-0,13
0,18
0,11
-0,12
-0,09000001
-0,16
-0,3
0,009999993
0,14
0,16
-0,21
0,2
0,26
0,2
0,27
0,19
0,26
0,24
-0,03
0,07
-0,09
-0,02
0,12
-0,12
0,09
0,24
-0,1
-0,06999982
-0,2999998
0,2000002
-0,2699998
-0,06999982
-0,1999998
-0,1299998
-0,2299998
-0,1199998
-0,1799998
-0,2699998
-0,1300003
-0,2500006
-0,009999735
-0,1599999
0,26
0,12
0,07000099
-0,01999891
-0,03999896
0,1700014
0,2700014
0,04000178
-0,2099983
0,2100017
0,0200018
0,1600018
1,004956E-06
0,189992
-0,240008
-0,08000406
0,07999594
-0,04000503
0,239995
0,05999495
-5,046435E-06
0,2400039
0,120004
0,150004
0,08999979
0,08999996
0,13
0,07999995
0,06999996
0,23
0,05999885
-0,0900011
-0,2200011
-0,2300011
0,01999882
0,2899973
0,09999742
-0,2000026
-0,02000265
0,01999743
-0,05000255
-0,05000255
0,09999854
-0,1800015
0,1999986
-0,06000151
0,1699984
-0,1300016
-0,1800016
0,1899984
-0,06000015
0,2099998
-0,2000002
0,2199998
0,13
-0,29
0,29
0,21
0,18
0,16
-0,26
-0,11
0,27
-0,14
-0,16
-0,2
0,07999999
-0,08
-0,13
-0,24
0,12
-0,02
0,28
-0,08
-0,2
-0,26
-0,17
-3,861891E-09
0,25
-0,15
0,22
-0,05
-0,04
0,1700002
-0,01999982
0,1500002
-0,1999998
-0,1499998
-0,06999982
1,88901E-07
-0,2999998
0,1900002
-0,08999982
0,1200002
-0,01999982
-0,24
-0,03000038
-0,07000044
0,27
0,09000017
0,1600001
-0,05999991
-0,2999992
-0,2399991
-0,2299991
0,2600022
0,2200023
0,1800018
0,1200018
0,09000178
0,1800018
-0,009998026
0,2600009
0,02999189
0,2299919
0,079995
0,219995
-0,200005
0,179995
-0,01000504
-0,300005
-0,07999603
0,2900041
0,160004
-0,2400002
0,22
-0,24
-0,14
0,2399999
-0,2700001
0,05999885
0,1899989
0,02999882
-0,1500011
-0,01000119
-0,02000265
-0,05000262
-0,1000026
0,08999743
0,01999743
0,2199975
-0,08000252
0,02999855
0,1299985
0,1199986
-1,477115E-06
0,2199984
0,1799984
0,1799984
0,1999984
-0,1700002
-0,1400001
0,04999986
-0,03000015
0,09000001
-0,07
-0,06
-0,17
0,29
-0,16
0,19
0,05999999
0,24
0,07999999
-0,28
0,28
0,25
0,1
-0,26
-0,05
-0,18
0,02
0,009999999
-0,14
0,07
0,07
0,18
-0,15
-0,26
0,05
0,29
-0,12
-0,03
-0,2599998
0,1900002
-0,1099998
-0,1599998
-0,2499998
0,05000018
-0,2499998
-0,2699998
-0,1899998
-0,09999982
-0,05999981
0,1199997
-0,1500005
-0,03000037
0,2499995
0,1100002
0,14
0,05000104
-0,1799991
0,1300009
-0,07999858
0,07000142
0,1100024
0,1500023
-0,1099982
0,2000018
-0,2899982
0,05000097
-0,209999
-0,220008
-0,06000835
-0,1500083
0,009994978
-0,220005
0,199995
0,179995
0,119995
0,1300039
0,200004
-0,2499959
0,2900042
-0,08000002
-0,3000001
-0,19
-0,23
0,02999994
-0,09000004
-0,2000011
0,2299989
0,03999886
-0,1000011
-0,3000011
0,1699974
0,03999738
-0,2500027
-0,04000261
-0,2200025
0,03999745
0,2499975
-0,1500015
0,02999865
-0,01000134
0,2299984
-0,2700016
0,2599984
-0,2100016
-0,2000016
-0,2400001
0,06999987
-0,2400001
0,2799999
-0,3
0,14
-0,23
0,14
0,29
0,06
-0,01
0,07999999
0,15
-0,01
0,21
0,12
0,05
0,18
-0,06
-0,03
0,27
-0,27
-0,07
0,1
-0,22
0,18
0,05
0,009999997
-0,01
-0,009999999
0,27
-0,1499998
0,2700002
-0,07999982
-0,1599998
0,02000018
0,1600002
0,05000018
-0,09999982
-0,1499998
0,1000002
0,1900002
-0,2400003
0,1999995
0,07999957
0,2499995
-0,2099999
0,1500001
0,1200002
0,17
-0,119999
-0,1499986
0,01000148
0,1200014
-0,1699986
-0,2699984
-0,1699983
-0,03999824
0,2000018
-0,1799982
-0,209999
0,05000097
-0,150008
-5,026946E-06
0,079995
-0,170005
0,099995
-0,07000501
-0,160005
-0,110005
0,250004
0,290004
-0,03000027
-0,22
0,16
-0,23
0,2599999
0,02999993
-0,2900001
-0,1800001
0,0799989
0,1899989
0,1799989
0,1199989
-0,2000011
0,1199974
0,1299974
-0,1500026
-0,2200026
-0,2000026
-0,1200025
-0,1000025
0,1499985
-0,2300014
-0,2400014
-0,2600016
0,03999848
0,05999847
-0,1900016
-0,06000153
-0,1500002
0,1599998
0,009999996
-0,07999999
0,21
-0,12
0,17
-0,07
0,25
-0,24
-0,24
0,09999999
-0,06
0,06999999
0,02999999
-0,1
0,16
0,02
-0,11
0,26
-0,01
-0,05
-0,16
-0,26
-0,3
0,05
-0,16
-0,1
-0,28
0,1100002
0,02000018
-0,09999982
-0,08999982
0,06000018
0,2700002
0,2200002
-0,1299998
-0,03999982
0,2000002
0,2100002
0,2500002
-0,1
-0,1000004
-0,2800006
-0,2700006
0,07999956
0,2500001
-0,22
0,03000011
0,1500001
-0,1299991
-0,2899987
-0,1399986
-0,1499986
0,2400014
0,1900017
0,0100018
-0,02999804
-0,07999811
-0,1499982
-0,2599991
-0,02999901
-0,100008
-0,170005
0,02999498
0,159995
-0,120005
0,169995
0,08999499
0,109995
-0,279996
-0,09999598
0,1099998
-0,03000007
-0,2900001
-0,21
-0,2600001
-0,19
-0,3000001
-0,08000004
0,09999891
-0,2400011
0,1599989
-0,1400011
-0,0700011
-2,644098E-06
-0,2600026
-0,2400026
0,1199974
-0,2300026
-0,1000025
0,1999975
-0,2700015
0,04999848
0,1699984
-0,0300015
0,2899984
-0,2400016
-0,0100015
-0,1300016
-0,1100001
-0,2300002
-0,02
0,22
0,13
0,27
-0,11
0,18
-0,17
0,15
0,15
-0,1
-0,04
-0,3
0,05
0,28
0,1
-0,26
0,19
-0,28
0,11
-0,18
-0,25
0,02
-0,09
-0,19
-0,13
-0,24
0,1
0,03000018
-0,2099998
0,2800002
0,1200002
0,1300002
-0,2699998
0,02000018
0,07000018
0,2400002
0,03000018
-0,03999981
-0,1999998
-0,1500005
0,2299995
0,2599994
-0,07999983
0,29
-0,06999984
-0,2700001
-0,2999992
0,1800009
0,1700009
0,2500013
-0,1399986
-0,03999761
0,05000176
-0,2399983
-0,2799983
0,2600017
1,004979E-06
0,010001
0,08999198
-0,1700081
-0,2200081
0,099995
0,05999497
0,159995
0,06999499
0,129995
0,270004
-0,279996
-0,08999598
0,1600042
-6,743763E-08
-0,07000005
0,2099999
-0,04000006
-0,11
-0,21
-0,21
-0,09000004
0,1699989
-0,1700011
-0,2400011
0,2199989
0,1599989
-0,1700026
0,1099974
-0,1500026
-0,2300026
0,2599974
-2,566295E-06
0,1099975
-0,07000146
-0,2900016
0,1599984
0,2699984
-0,2300016
-0,1700016
-0,1000016
0,04999846
-0,08000014
0,09999986
-0,24
0,27
-0,03
-0,3
-0,05
0,23
0,05
-0,21
0,17
0,22
0,16
-0,21
0,14
-0,04
-0,24
-0,15
0,23
-0,08
-0,25
-0,08
0,06
-0,3
0,02
0,09
-0,08
-0,01999982
0,06000017
0,2300002
-0,1199998
-0,2399998
0,1800002
0,03000018
0,2900002
-0,2299998
-0,2299998
-0,2099998
-0,05999981
0,15
0,18
0,1799995
0,09999957
0,2799994
-0,2199999
0,07000016
0,2400001
-0,16
-0,1299991
-0,09999858
0,2100014
0,2100023
-0,1099976
0,2800023
1,813536E-06
0,2900017
-0,2699983
-0,2499982
-0,04999903
0,170001
0,079992
0,2599916
-0,1300083
0,109995
0,199995
0,109995
-0,260005
-0,170005
-0,209996
0,06000406
-0,1200002
0,27
0,2
-0,22
0,02999993
-0,14
0,11
0,07999995
0,22
0,2399999
0,1499989
-0,2300011
-0,1900011
-0,1500011
-0,2800011
-0,03000257
0,1599974
0,1999975
-0,2800026
0,2899974
-0,2700026
-0,2900026
0,1399985
0,06999847
-0,2400016
0,2199984
0,009998505
0,2899984
-0,2300016
-0,04000154
0,02999985
0,1099999
-0,25
0,1
-0,28
0,23
-0,3
-0,2
-0,06
-0,16
-0,12
-0,05
-0,18
2,150962E-09
-0,28
-7,875234E-12
0,15
-0,29
0,08
-0,07
0,24
-0,17
-0,2
-0,21
0,03
-0,14
-0,17
-0,1699998
-0,2799998
0,1100002
0,1500002
0,1200002
1,950973E-07
-0,03999982
-0,08999982
-0,2699998
-0,2799998
2,021622E-07
-0,1699998
-0,2100005
-0,04000041
0,05999959
-0,04000041
0,1799995
0,1100002
0,07000005
0,19
-0,17
0,04000145
0,06000145
-0,2299986
-0,009997546
-0,08999764
0,1400024
0,0100018
-0,09999811
0,01000197
0,2500018
-0,2299991
0,149992
0,0999919
0,169995
-0,220005
0,129995
-0,02000503
0,04999495
0,249995
0,1600039
-0,2199961
0,2800042
-0,03000007
-0,16
0,18
-0,01000007
0,2599999
-0,12
0,16
-0,09000005
-0,02000006
0,25
-0,03000118
0,2899989
0,0799989
-0,05000114
0,03999886
-0,1400025
-0,09000253
0,1599974
0,2399974
-0,2900026
0,01999743
-0,2300027
-0,08000161
-0,0300015
-0,0200015
0,08999846
-0,02000152
0,1299984
-0,1000016
-0,2500016
0,12
-0,28
-0,26
0,06
-0,22
0,22
0,11
0,21
0,17
-0,17
0,03
-0,21
-0,04
-0,18
-0,12
0,11
-0,22
0,12
-0,22
-0,18
-0,16
-0,22
0,21
-0,23
-0,04
-0,09999982
0,2200002
-0,09999982
-0,2999998
-0,1299998
0,2000002
-0,2699998
-0,2899998
-0,07999982
-0,1699998
-0,05999982
0,2400002
-0,2800006
-0,1300005
0,1099996
0,04999959
-0,01000036
0,2899994
0,1099996
-0,02999973
-0,07999995
0,100001
-0,1999991
-0,2099986
0,1700014
0,01000148
0,1500024
0,04000176
-0,2199983
0,2100018
0,03000196
-0,189999
0,2700009
-0,209999
0,179992
-0,3000082
-0,100005
0,209995
-5,046435E-06
-0,08000501
-0,01000504
-0,220005
-0,2599961
0,2900039
0,2300042
0,16
-0,2500001
-0,05000006
-0,03000007
0,05999994
0,14
-0,21
-0,21
0,09999996
-0,2700001
0,08999891
0,1099989
-0,1900011
-0,1800011
0,1599989
-0,2600026
-0,01000257
0,2199975
-2,565984E-06
0,08999749
-0,1700025
0,2699973
0,2199983
-0,01000149
0,1099985
-0,1600016
0,06999844
-0,01000151
-0,1200016
0,2699984
-0,16
0,06
-0,19
-0,15
-0,29
-0,05
-0,1
-0,23
0,01
-0,23
-0,05999999
-0,29
-0,14
-0,24
-0,21
-0,12
-0,21
0,09
0,13
-0,12
-0,3
-0,15
0,03
-0,1099998
0,1000002
0,1900002
-0,1799998
0,2500002
0,1500002
-0,08999982
-0,2299998
0,1000002
0,2000002
0,12
0,19
-0,2800006
-3,772146E-07
0,2499995
-0,1900005
-0,1000004
0,1299995
-0,08000044
-0,08999984
-0,06999984
-0,1599999
-0,18
0,1000014
0,1600014
-0,09999858
-0,07999858
-0,2499986
0,2800023
0,1500018
-0,2999983
0,2700018
0,2800018
-0,2699991
0,209992
0,04999198
-0,180009
-0,1700048
-0,06000505
-0,09000502
-0,210005
0,289995
0,1300039
-0,1999961
0,04000389
-0,1299961
-0,24
0,18
-0,16
-0,02000007
-0,07000005
0,04999994
0,07999995
0,2399999
-0,2
-0,2500001
-0,03000006
-0,2200011
-0,04000114
0,04999892
-0,07000104
-0,140001
-0,2100025
0,2499975
0,1999975
0,1399975
0,1999973
0,2899972
0,07999732
-0,1100016
0,2799984
-0,2300016
-0,1200015
-0,2900016
-0,1900016
-0,0700014
-1,352352E-06
-0,29
-0,25
-0,01
-0,17
0,04
0,21
-0,01
-0,09
-0,04999999
-0,11
-0,27
0,22
0,16
-0,23
-0,27
0,17
0,19
0,28
0,23
0,2
0,18
-0,11
0,2
-0,03999982
-0,2399998
-0,2099998
0,2400002
-0,009999816
-0,1399998
-0,1399998
0,07000018
0,1300002
0,1600002
0,04
-0,04
-0,2800006
0,2599994
-0,09000044
0,1799995
-0,06000042
0,08999957
0,02999963
-0,04999977
-0,04999977
0,1700001
-0,2399991
0,2200014
-0,1899986
0,2500013
-0,1099976
-0,009997547
-0,2799977
-0,1199982
0,02000196
0,120001
0,110001
-0,1499991
-0,2800081
-0,2400081
-0,06000929
0,259995
-0,300005
-0,250005
-0,220005
0,119995
-0,09999604
-0,239996
-0,179996
0,110004
-0,3000001
0,2
-0,03000007
-0,21
-0,02000007
-0,19
-0,16
0,2399999
-0,06000006
0,08999997
-0,3000001
-0,1300011
0,1299989
0,03999892
0,2599989
0,169999
0,03999745
-0,05000255
-0,1700025
0,2099974
0,1399973
0,1699973
0,2399973
-0,1500017
-0,07000154
-0,0200015
0,08999846
-0,02000152
-0,1400016
0,1299985
-0,04000138
-0,3
0,1
-0,01
0,25
-0,009999997
-0,29
0,23
0,19
-0,09
-0,03
0,17
0,21
-0,08
-0,24
-0,23
-0,17
-0,05
-0,21
-0,09
-0,23
0,24
0,2200002
-0,09999982
0,2600002
-0,1699998
0,2500002
-0,1799998
0,1600002
-0,2999998
0,01000019
0,1600002
0,07
0,11
-0,18
-0,3
0,05999959
-0,1700005
0,07999957
-0,04000042
0,1499995
0,1000002
0,05000022
0,2200001
-0,06999984
0,2600006
0,2600013
0,01000148
-0,2199986
-0,1499986
-0,1599976
-0,1699982
-0,1199982
0,2500017
0,05000193
0,02000099
-0,2299991
-0,109999
0,01999103
0,109991
0,02999072
0,189995
-0,230005
0,189995
0,189995
0,109995
-0,1999961
-0,209996
-0,199996
-0,249996
0,009999929
0,2899999
0,17
0,12
0,05999994
-0,03000007
-0,11
-0,3000001
0,2599999
-0,3000001
-0,13
-0,06000114
-0,2700011
-1,115935E-06
0,149999
-0,120001
-0,03000257
0,1199975
-0,2500027
0,09999733
0,2299973
-0,1400027
0,1099973
0,2699983
0,2299984
0,2499984
0,02999849
0,1499986
-0,2800014
0,1199986
0,1599986
0,16
-0,09
-0,28
0,14
-0,15
-0,03999999
0,06
-0,12
-0,22
-0,18
-0,24
-0,07
0,02
-0,05999999
-0,21
0,15
0,06
-0,27
2,239145E-14
-0,17
-0,01999982
-0,2599998
-0,009999815
-0,1799998
-0,1599998
-0,1199998
0,1900002
0,1900002
0,1000002
0,23
0,03000001
0,27
-0,16
-0,17
-3,770183E-07
-0,2700006
-0,3000006
0,1499995
-3,894274E-07
0,2199995
0,2100001
-0,06999984
0,2700006
-0,01999853
0,1600014
0,2300014
-0,2199986
0,02000147
0,1300014
-0,1999976
0,2700017
0,1200018
0,0200018
-0,01999804
-0,129999
0,120001
0,2099919
0,1999909
-4,80059E-06
0,259995
0,05999495
0,169995
0,07999498
-0,1499961
0,08000396
-0,2099959
-0,2199959
-0,1200002
0,2299998
-0,2500001
0,14
0,2099999
0,02999993
0,07999995
-0,08000004
-0,2600001
-0,24
-0,2900001
-0,04000005
-0,1
-0,2000011
-0,1300011
-0,2500011
-1,11859E-06
0,2599989
0,2099974
-0,05000255
0,1499973
0,2499973
0,1799973
-0,1900027
-0,2000027
-0,1500017
0,02999849
-0,1500016
-0,2600016
0,1499986
0,1199986
0,1899986
0,0699986
0,14
0,19
0,08000001
0,08000001
-0,05
-0,25
-0,21
0,23
-0,24
-0,18
0,05
0,19
-0,05999999
-0,21
0,16
-0,12
0,11
-0,23
-0,12
0,17
0,13
-0,06999997
-0,07999997
-0,25
0,23
0,04000018
0,05000018
0,2900002
-0,06999982
-0,12
-0,11
-0,05999999
-0,1800005
0,1799995
0,05999959
-0,1000004
0,08999957
-0,03000039
-0,2600006
0,1999995
0,1200002
0,02000065
0,0900006
0,1200014
-0,1699986
-0,08999858
0,1600014
-0,2499977
0,1700023
0,2600023
-0,07999822
0,07000189
-0,06999905
-0,2899991
0,230001
-0,08999905
-0,04000813
0,01999072
0,139995
0,209995
-5,046435E-06
-0,210005
-0,01000504
0,170004
0,230004
-0,1899959
0,07000405
0,04999994
0,02999993
-0,05000006
0,08999996
-0,16
-0,2700001
-0,02000007
-0,2500001
-0,19
0,13
0,08999997
0,22
0,00999994
0,1699989
-1,193915E-06
-0,190001
-0,04000108
0,249999
0,1099975
-0,3000028
-0,2000027
0,2499973
-0,1600027
0,2399973
-0,2400027
0,1299983
-0,1800016
-0,1000016
0,01999848
-0,2800014
0,2099985
0,1899986
-0,2900014
0,14
-0,19
0,01
-0,09
-0,13
-0,22
0,04
0,24
0,26
0,12
0,07
0,16
0,1
-0,18
-0,27
0,29
0,27
-0,27
0,21
-0,19
-0,2
-0,02999997
0,09000003
-0,12
0,01000004
0,02000003
0,01000004
0,2000002
-0,2199998
0,02000001
-0,2200005
0,2099995
0,1999995
0,1999995
0,1699995
0,05999959
0,2799994
0,1999995
-0,2200005
0,1699995
-0,2299999
-0,2399985
-0,1699985
-0,1699986
0,07000142
-0,2299977
-0,0499976
2,441502E-06
-0,2099983
-0,09999822
0,04000083
0,2900009
-0,2999991
0,07000095
0,209992
-0,140009
0,009990926
-0,1700093
0,189995
0,149995
0,06999499
0,129995
0,1600039
-0,05999605
0,03000393
0,1500041
0,2600041
0,2
-0,06000006
-0,03000007
-0,2900001
-0,23
0,2399999
-0,2700001
-0,2700001
-0,2600001
-0,17
-0,04000004
0,11
-0,06000005
-0,2400011
-0,3000011
0,1099988
0,1799988
0,2699988
-0,2100027
0,2099973
-0,1800027
0,2799973
-2,720056E-06
-0,2600027
0,1499973
-0,3000017
-0,07000155
-0,2000016
-0,07000141
-0,1000014
0,1899986
0,0899986
0,2099985
-0,19
0,05
-0,24
0,11
-0,11
-0,03
-0,25
0,26
0,04
0,17
-0,27
-0,25
0,009999999
-0,05
0,08000018
0,06000017
-0,28
0,28
-0,04
-0,06
0,24
0,13
0,22
0,23
-0,06999997
-0,15
-0,24
0,01000004
0,2299996
0,08999975
0,1399997
-0,0600004
0,1599995
0,1899995
-0,1800005
0,009999626
0,2399995
-0,3000006
-0,01999974
6,705935E-07
-0,2599994
0,2500013
0,08000142
-0,1899986
-0,02999853
0,2900023
-0,1699976
0,04000239
0,1400017
0,0300018
-0,08999916
-0,07999904
-0,06999905
-0,1499991
0,2699918
-0,03000928
0,1199908
-0,1800093
-0,120005
-0,260005
-0,100005
0,02999497
-0,269996
0,240004
-0,2699959
0,09
-0,12
0,11
-0,1800001
-0,23
0,12
-0,2800001
-0,01000007
0,25
-0,1
0,2899999
-0,2500001
0,09999997
-0,03999987
-0,06999985
-0,2900011
0,009998851
0,159999
-0,110001
-0,120001
-0,0800025
-0,3000026
0,00999746
0,2199975
0,1499975
0,1799975
0,1099975
0,1099986
-0,06000121
-0,2100013
-1,170114E-06
0,2099987
0,1399987
-0,2200013
0,1799987
0,1100002
0,02000018
-0,0799998
0,07000019
0,2100002
-0,1099998
0,2200002
-0,02999982
0,2500002
0,2700002
-0,07999982
-0,2899998
0,1600002
0,2400002
-0,2799998
0,1800002
0,1700002
0,1400002
0,05000018
0,1000002
0,08000003
0,16
0,18
-0,02999997
-0,12
-0,29
-0,09999998
-0,26
0,1499996
0,1999997
-0,2300003
-0,1000004
0,01999962
0,06999956
0,1199996
-0,01000037
-0,2100005
-0,2100005
-0,02999973
0,2800006
-0,009999339
0,03000147
0,06000144
0,2400014
-0,07999858
0,1600024
0,2500023
0,1700024
-0,07999822
-0,08999822
0,1300009
-0,2299991
-0,2199991
-0,02999911
-0,2000081
0,2399907
0,129995
0,239995
-0,120005
0,199995
0,289995
0,169995
0,110004
-0,2499959
0,2000041
-0,29
-0,01
-0,22
-0,1800001
0,02999993
0,07999995
0,06999996
-0,14
0,06999996
-0,19
-0,2500001
-0,2
0,2399998
-0,26
0,009999966
-0,2500011
0,01999884
0,119999
-0,06000106
-0,240001
0,2899974
-0,1800025
-0,2500026
-0,03000256
0,1699975
0,1499975
-0,1500023
0,2099987
0,06999878
0,2899987
0,1199988
0,2099987
0,00999882
-0,2600012
-0,09000122
-0,1299998
0,1600002
0,04000019
0,1800002
0,1200002
-0,2499998
0,2100002
0,01000018
-0,1499998
-0,2499998
0,1300002
0,1900002
0,1900002
0,1600002
0,1400002
-0,03999982
-0,2599998
-0,1299998
0,2800002
0,2000002
0,1799999
-0,06999996
0,11
-0,04999996
0,17
-0,06999997
0,16
0,08000002
0,07999959
-0,0100002
-0,1700003
0,08999975
0,1899997
0,1299995
-0,1600005
-0,1100004
0,2799994
0,2400006
0,1200006
-0,2899986
-0,2199985
0,1100014
0,1900014
-0,07999764
-0,2599978
0,2600023
-0,04999824
-0,2599983
0,2300009
0,02000083
0,07000084
0,030001
0,02000089
-0,1700091
0,01999094
0,2299908
-0,250005
-0,210005
-0,290005
-0,120005
-0,109996
-0,1699959
0,2300041
0,160004
0,210004
-0,2699998
0,2900002
-0,2399999
0,02000011
-0,04999987
-0,02999988
-0,1999999
0,05000012
0,2600001
0,1200001
-0,2299999
0,03000012
-0,12
-0,09000001
0,2
0,2799989
0,1099989
0,149999
-0,250001
0,209999
0,0899975
-0,2400025
0,05999747
-0,1900025
-0,1000025
-0,1700025
0,1899977
0,2199987
-0,07000122
0,1099988
0,2499987
0,1799987
-0,2700013
0,009998731
-0,3000014
0,2700002
-0,1099998
0,02000019
-0,01999981
-0,2599998
-0,03999981
0,2800002
0,06000018
0,01000018
-0,05999982
-0,09999982
0,1600002
0,1800002
-0,1899998
-0,09999982
0,08000018
-0,02999982
0,1700002
0,2500002
-0,1899998
0,26
-0,07000015
0,2499999
-0,18
-0,19
0,08000003
-0,12
-0,1800004
-0,1500004
0,1699996
-0,1100004
-3,475289E-07
0,1699997
-0,1000003
0,2199997
0,08000016
-0,2099998
-0,1299992
-0,2999993
-0,05999823
0,1100017
1,680451E-06
-0,2599985
0,1600025
-0,2999976
-0,03999743
-0,2999982
0,110002
-0,279999
-0,2699989
-0,02999883
-0,2999989
-0,229999
-0,1100091
-0,2700091
0,03999089
-0,06000487
-0,1100048
-0,1400049
-0,04000488
-0,2199959
0,1600042
-0,09999578
0,1400002
-0,2499998
0,1900002
0,2900002
-0,02999989
-0,1199999
0,1100001
-0,01999989
-0,1999999
0,1700001
1,070701E-07
1,070711E-07
-0,05000003
-0,12
-0,22
-0,19
0,14
0,06999893
0,06999893
-0,210001
-0,180001
-0,100001
-0,1200025
-0,0800025
-0,03000254
-0,1400025
-0,1300024
-0,1600024
0,1899977
-0,3000013
0,02999881
-0,1500013
0,2399987
-0,2000013
-0,1000012
0,09999871
-0,2000013
-0,02999981
0,03000019
-0,0799998
-0,09999981
0,04000019
-0,1399998
-0,1799998
0,07000018
0,1900002
0,08000018
-0,1399998
-0,1499998
-0,2199998
0,01000018
0,1800002
0,01000019
0,07000018
-0,2199998
-0,06999982
0,1700002
-0,04
0,01999986
-0,1900001
-0,3
-0,03999996
0,0899996
-0,2000004
-0,1700004
-0,1600004
0,04999963
-0,1500004
0,2699994
-0,02000035
-0,2900006
-0,1300003
-0,2599998
-0,1599998
0,1800008
0,07000077
-0,2699985
-0,2499984
0,1500025
0,07000254
0,08000254
-0,2899975
0,2900024
0,110002
-0,01999802
0,150001
0,1400011
-0,129999
-0,2800089
0,2599911
0,2299909
0,1399909
0,2399909
-0,08000483
-0,09000484
0,2299951
0,2500041
-0,2399958
0,2800043
-0,07999577
-0,1599998
-0,07999982
-0,1199998
0,1700002
-0,2399999
-0,1599999
0,1400001
-0,14
0,18
-4,073652E-08
-0,1
0,11
0,09999999
0,24
0,01999997
0,29
-0,03000003
0,2799989
0,1099989
-0,02000108
-1,080397E-06
-0,130001
-0,1700025
-0,3000024
0,03999762
-0,1400024
-0,08000236
0,1199976
0,2299977
0,2399987
0,1199988
0,2699988
-0,2300013
-0,08000121
-0,08000121
-0,1500013
0,1299987
-0,1899998
0,04000019
-0,1599998
-0,2999998
-0,02999981
-0,01999982
0,01000019
0,06000018
-0,1799998
-0,2699998
-0,2999998
0,1900002
-0,07999982
-0,03999982
0,2700002
-0,05999982
1,906178E-07
0,2200002
0,2600002
-0,2099998
-0,13
-0,18
0,2
0,2099994
-0,2900007
-0,0800004
0,2299996
0,1699996
-0,0800004
0,03999962
-0,1200004
0,009999665
-0,1400004
-0,1400004
-0,15
-0,06999937
-0,03999933
-0,02999834
-0,2799985
0,1800014
0,1100015
-0,05999757
-0,0799976
-0,1799976
-0,07999819
0,2200018
0,01000086
-0,01999914
0,1500009
0,01999205
0,0599919
-0,01000904
-0,04000907
-0,2400092
-0,05000502
0,289995
0,129995
-0,08000498
0,289995
-0,259996
0,05000408
0,1300041
-0,1699959
0,08000003
0,15
-0,01999997
0,02000003
-0,25
-0,2
0,02999996
0,28
-0,28
0,2
-0,23
-0,03000004
0,23
0,2
0,06999999
-0,01000003
-0,21
0,2099989
-0,05000112
-0,280001
0,199999
0,2699991
0,1799976
-0,2500024
-0,2000024
0,2099976
-0,1400024
0,08999764
-0,2700023
-0,02000117
0,2699988
-0,1700013
0,2699988
-0,2000013
0,1299987
-0,03000128
0,2299987
-0,1099998
-0,04999981
-0,1199998
-0,1799998
0,04000019
0,04000018
0,09000018
-0,1199998
0,08000018
0,01000019
-0,2199998
-0,2399998
0,2300002
0,1900002
-0,1699998
-0,2099998
0,1100002
-0,06999982
0,11
0,27
-0,07
-0,08000042
-0,1600005
0,2299995
0,2299995
0,2399997
0,0299998
0,2199996
0,2299996
-3,198427E-07
0,1299995
-0,2300005
-0,2
0,05000004
0,19
-0,04999838
-0,2299985
0,1900015
-0,1499985
-0,07999855
-0,2199986
0,1600024
0,02000246
-0,1099976
-0,2199982
0,03000183
-0,1999991
0,09000101
0,130001
-0,2600082
-0,1400081
0,159991
-0,2800091
-9,288348E-06
-5,012415E-06
0,269995
-0,200005
-0,05999602
-0,1199959
0,1000041
-0,2899959
0,1600043
-0,04999572
-0,23
0,17
-0,29
0,25
-0,12
-0,3
0,17
-0,28
0,21
-0,23
-0,11
0,18
0,05999997
0,2
0,25
0,15
-0,1
0,1299991
0,2399991
-0,2200009
0,1899991
-0,1600009
0,2699976
-0,2600024
0,09999765
-0,2500024
0,2199976
-0,1500024
0,1299977
0,009998842
0,0499988
-0,09000123
-0,09000122
-0,09000122
-0,0600012
0,01999872
-0,2400013
0,07000019
0,2200002
0,08000019
0,2600002
-0,2899998
-0,05999982
0,08000018
0,1300002
0,1100002
0,2300002
-0,2299998
-0,1499998
0,08000018
0,2800002
0,2600002
-0,2399998
0,08000018
0,05000018
0,23
0,2
0,26
-0,1500005
-0,1800005
-0,2200005
0,01999962
-0,1100004
-0,1000004
0,01999981
0,2799996
-0,03000019
-0,1500005
-0,05000037
-0,07999998
0,09000003
0,12
0,2100015
-0,1499985
-0,1799985
0,1700015
0,2000014
-0,1199985
-0,08999759
0,2800017
-0,1899982
0,1400018
0,2900009
-0,2599991
0,02000104
0,09000101
-0,160009
0,1299909
0,1499908
-9,288292E-06
0,1199908
-0,200005
-0,09000499
0,08999502
3,970837E-06
-0,06999592
0,1200041
-0,2699959
-0,24
0,14
-0,16
0,07999998
0,11
0,22
0,29
-0,15
-0,26
0,21
-0,05000003
0,18
-0,27
0,009999958
0,03999997
-0,13
-0,2899999
-0,06999987
0,03000011
-0,1600009
0,1799991
0,219999
0,129999
0,129999
-0,01000256
0,2499975
0,09999748
-0,02000257
-0,1000025
-0,1800025
0,1499975
0,1899986
-0,2600014
0,1599986
-0,1800015
0,05999862
0,1299985
0,01999855
-0,2700015
-0,24
-0,25
-0,14
0,04000001
-0,06999999
-0,12
0,27
-0,03999999
-0,2
0,05000001
-0,26
0,07
-0,23
0,2
-0,01999999
-0,15
-0,17
-0,29
0,01
-0,21
0,16
-0,1900005
-3,810269E-07
0,2499995
0,2099995
-0,2400005
0,0499996
0,1299995
-0,1400005
-0,1200004
0,2699998
0,03000005
-0,01999995
-0,09999997
-0,03999995
-0,2199985
0,01000168
-0,1299985
-0,09999843
-0,04999853
0,0100015
-0,0199985
-0,009999136
0,2200018
-0,1399982
0,040001
0,07000098
0,2900009
0,06000102
0,009990959
0,2799909
0,04999094
-0,1800091
-0,07000922
-0,140005
0,249995
0,05000398
-0,08999601
0,1300041
-0,1299959
0,1200041
-0,16
-0,21
0,22
0,07999999
-3,738615E-08
-0,21
0,17
-0,07000001
-0,1100002
0,1399998
0,2499998
0,09999982
-0,2500002
0,06999981
-0,1200002
0,1099998
0,06999996
0,07999996
-0,14
-0,02000118
0,05999886
-0,240001
0,149999
-0,110001
-0,09000105
-0,09000105
-0,2600011
-0,2700011
0,009997532
0,02999752
-0,2100025
0,03999862
-0,2700014
0,1299985
-0,1300014
-0,1200014
0,06999861
-0,1600015
0,1599985
-0,04999999
0,2
0,05000001
-0,13
0,17
-0,28
0,25
-0,24
0,16
0,28
-0,17
0,27
0,12
-0,04
0,18
-0,24
-0,22
-0,06
0,02
-0,14
-0,22
-0,26
0,13
0,2199995
0,1499995
0,03999959
-0,09000044
0,05999959
-0,08
-0,1
0,29
-0,2599998
-0,06999997
0,22
0,21
0,07000003
-0,3
0,1800015
0,2700015
-0,1299985
-0,03999838
-0,1599986
-0,1199991
-0,249999
-0,119999
0,060001
-0,02999899
-0,219999
-0,149999
0,06000007
-0,2200001
0,2399909
-0,250009
0,2699908
0,06999078
-0,09000923
-0,2399959
0,1300041
0,01000408
-0,1699959
0,1100041
-0,12
0,14
-0,04999998
0,28
-0,22
0,03000003
0,19
0,03999997
-0,2000002
-0,2500002
-0,1100002
-0,04000021
-0,1500001
0,2
0,2399999
0,15
0,07999995
0,03999995
-0,21
-0,23
-0,1800001
-0,09
0,149999
-0,190001
-0,2500011
0,2799989
-0,04000107
-0,150001
-2,558856E-06
0,009997431
-0,1400025
-0,1300014
0,1399986
0,04999862
-0,2200014
-1,336029E-06
0,2199986
-0,2400015
-0,2100015
-0,28
0,07000002
0,03000001
-0,26
0,01000001
0,19
-0,03
0,19
-0,23
0,13
0,05
-0,03
-0,21
-0,08
-0,25
-0,009999997
0,26
0,28
-0,16
0,23
